idModel: 0
seed: 1609734008
overlayPath: /home/lmathy/breast_cancer_analysis/overlay
dataCubePath: /home/lmathy/breast_cancer_analysis/br20832_cores
kFoldIndicesPath: /home/lmathy/breast_cancer_analysis/matlab/histology/kFoldInd3.mat
colours: 
[[103 193  66]
 [255   0   0]
 [165  55 156]
 [243 143  53]
 [194 243 174]
 [ 69 120 236]]
peakWaveQualityTest: 1655
troughWaveQualityTest: 1760
minimumQualityTest: 0.1
maximumQualityTest: 2
makeQualityTestTrainingSet: True
makeQualityTestTestSet: True
noiseReductionFirst: True
methodNoiseReduction: None
numberPrincipalComponents: 35
inverseTransform: True

additionalParametersNoiseReduction:

pcaClass informations: None

intervalsToSelect: 
None
normalise: False
methodSavitzkyGolayFilter: savitzky_golay_filter
smoothingPoints: 13
orderPolynomialFit: 4

additionalParametersSavitzkyGolayFilter:
deriv: 2
mode: constant
cval: 0.0

dictionaryClassesMapping: 
{(0, 1): 0, (2, 3): 1, (4,): 2, (5,): 3}
methodClassesEqualization: anticipated_random_under_sampler

additionalParametersClassesEqualization:
random_state: RandomState(MT19937)

methodFeatureSelection: None

waveNumbers:
[ 912  916  920  924  928  932  936  940  944  948  952  956  960  964
  968  972  976  980  984  988  992  996 1000 1004 1008 1012 1016 1020
 1024 1028 1032 1036 1040 1044 1048 1052 1056 1060 1064 1068 1072 1076
 1080 1084 1088 1092 1096 1100 1104 1108 1112 1116 1120 1124 1128 1132
 1136 1140 1144 1148 1152 1156 1160 1164 1168 1172 1176 1180 1184 1188
 1192 1196 1200 1204 1208 1212 1216 1220 1224 1228 1232 1236 1240 1244
 1248 1252 1256 1260 1264 1268 1272 1276 1280 1284 1288 1292 1296 1300
 1304 1308 1312 1316 1320 1324 1328 1332 1336 1340 1344 1348 1352 1356
 1360 1364 1368 1372 1376 1380 1384 1388 1392 1396 1400 1404 1408 1412
 1416 1420 1424 1428 1432 1436 1440 1444 1448 1452 1456 1460 1464 1468
 1472 1476 1480 1484 1488 1492 1496 1500 1504 1508 1512 1516 1520 1524
 1528 1532 1536 1540 1544 1548 1552 1556 1560 1564 1568 1572 1576 1580
 1584 1588 1592 1596 1600 1604 1608 1612 1616 1620 1624 1628 1632 1636
 1640 1644 1648 1652 1656 1660 1664 1668 1672 1676 1680 1684 1688 1692
 1696 1700 1704 1708 1712 1716 1720 1724 1728 1732 1736 1740 1744 1748
 1752 1756 1760 1764 1768 1772 1776 1780 1784 1788 1792 1796 1800]

model: <class 'sklearn.ensemble._forest.RandomForestClassifier'>

learning model informations:
bootstrap: True
ccp_alpha: 0.0
class_weight: None
criterion: gini
max_depth: None
max_features: sqrt
max_leaf_nodes: None
max_samples: None
min_impurity_decrease: 0.0
min_impurity_split: None
min_samples_leaf: 10
min_samples_split: 2
min_weight_fraction_leaf: 0.0
n_estimators: 500
n_jobs: -1
oob_score: False
random_state: RandomState(MT19937)
verbose: 0
warm_start: False

widthSubwindow: 1
heightSubwindow: 1
methodSubwindow: subwindow_multioutput

class distribution after potential subwindows creations:
class number: 0, number elements: 145386
class number: 1, number elements: 88205
class number: 2, number elements: 1766
class number: 3, number elements: 25382
total number elements: 260739

makeMirrors: False
makeRotations: False

              precision    recall  f1-score   support

           0       0.93      0.95      0.94     26224
           1       0.94      0.88      0.91     22755
           2       0.74      0.96      0.84      2665
           3       0.93      0.96      0.94      2318

    accuracy                           0.92     53962
   macro avg       0.88      0.94      0.91     53962
weighted avg       0.92      0.92      0.92     53962

confusion matrix not normalized:
[[24872  1269    83     0]
 [ 1814 19977   794   170]
 [  112     0  2553     0]
 [   17    82     0  2219]]
confusion matrix normalized according to the true classes:
[[0.94844417 0.04839079 0.00316504 0.        ]
 [0.07971874 0.87791694 0.03489343 0.00747089]
 [0.04202627 0.         0.95797373 0.        ]
 [0.00733391 0.03537532 0.         0.95729077]]
confusion matrix normalized according to the predicted classes:
[[9.27540556e-01 5.94992498e-02 2.41982507e-02 0.00000000e+00]
 [6.76487041e-02 9.36656039e-01 2.31486880e-01 7.11594810e-02]
 [4.17676674e-03 0.00000000e+00 7.44314869e-01 0.00000000e+00]
 [6.33973522e-04 3.84471118e-03 0.00000000e+00 9.28840519e-01]]
confusion matrix normalized according to the whole population:
[[4.60916942e-01 2.35165487e-02 1.53811942e-03 0.00000000e+00]
 [3.36162485e-02 3.70204959e-01 1.47140580e-02 3.15036507e-03]
 [2.07553464e-03 0.00000000e+00 4.73110708e-02 0.00000000e+00]
 [3.15036507e-04 1.51958786e-03 0.00000000e+00 4.11215300e-02]]


idModel: 1
seed: 1609734008
overlayPath: /home/lmathy/breast_cancer_analysis/overlay
dataCubePath: /home/lmathy/breast_cancer_analysis/br20832_cores
kFoldIndicesPath: /home/lmathy/breast_cancer_analysis/matlab/histology/kFoldInd3.mat
colours: 
[[103 193  66]
 [255   0   0]
 [165  55 156]
 [243 143  53]
 [194 243 174]
 [ 69 120 236]]
peakWaveQualityTest: 1655
troughWaveQualityTest: 1760
minimumQualityTest: 0.1
maximumQualityTest: 2
makeQualityTestTrainingSet: True
makeQualityTestTestSet: True
noiseReductionFirst: True
methodNoiseReduction: None
numberPrincipalComponents: 35
inverseTransform: True

additionalParametersNoiseReduction:

pcaClass informations: None

intervalsToSelect: 
None
normalise: False
methodSavitzkyGolayFilter: savitzky_golay_filter
smoothingPoints: 13
orderPolynomialFit: 4

additionalParametersSavitzkyGolayFilter:
deriv: 2
mode: constant
cval: 0.0

dictionaryClassesMapping: 
{(0, 1): 0, (2, 3): 1, (4,): 2, (5,): 3}
methodClassesEqualization: anticipated_random_under_sampler

additionalParametersClassesEqualization:
random_state: RandomState(MT19937)

methodFeatureSelection: None

waveNumbers:
[ 912  916  920  924  928  932  936  940  944  948  952  956  960  964
  968  972  976  980  984  988  992  996 1000 1004 1008 1012 1016 1020
 1024 1028 1032 1036 1040 1044 1048 1052 1056 1060 1064 1068 1072 1076
 1080 1084 1088 1092 1096 1100 1104 1108 1112 1116 1120 1124 1128 1132
 1136 1140 1144 1148 1152 1156 1160 1164 1168 1172 1176 1180 1184 1188
 1192 1196 1200 1204 1208 1212 1216 1220 1224 1228 1232 1236 1240 1244
 1248 1252 1256 1260 1264 1268 1272 1276 1280 1284 1288 1292 1296 1300
 1304 1308 1312 1316 1320 1324 1328 1332 1336 1340 1344 1348 1352 1356
 1360 1364 1368 1372 1376 1380 1384 1388 1392 1396 1400 1404 1408 1412
 1416 1420 1424 1428 1432 1436 1440 1444 1448 1452 1456 1460 1464 1468
 1472 1476 1480 1484 1488 1492 1496 1500 1504 1508 1512 1516 1520 1524
 1528 1532 1536 1540 1544 1548 1552 1556 1560 1564 1568 1572 1576 1580
 1584 1588 1592 1596 1600 1604 1608 1612 1616 1620 1624 1628 1632 1636
 1640 1644 1648 1652 1656 1660 1664 1668 1672 1676 1680 1684 1688 1692
 1696 1700 1704 1708 1712 1716 1720 1724 1728 1732 1736 1740 1744 1748
 1752 1756 1760 1764 1768 1772 1776 1780 1784 1788 1792 1796 1800]

model: <class 'sklearn.ensemble._forest.RandomForestClassifier'>

learning model informations:
bootstrap: True
ccp_alpha: 0.0
class_weight: None
criterion: gini
max_depth: None
max_features: sqrt
max_leaf_nodes: None
max_samples: None
min_impurity_decrease: 0.0
min_impurity_split: None
min_samples_leaf: 10
min_samples_split: 2
min_weight_fraction_leaf: 0.0
n_estimators: 500
n_jobs: -1
oob_score: False
random_state: RandomState(MT19937)
verbose: 0
warm_start: False

widthSubwindow: 1
heightSubwindow: 1
methodSubwindow: subwindow_multioutput

class distribution after potential subwindows creations:
class number: 0, number elements: 145386
class number: 1, number elements: 88205
class number: 2, number elements: 1766
class number: 3, number elements: 25382
total number elements: 260739

makeMirrors: False
makeRotations: False

              precision    recall  f1-score   support

           0       0.93      0.95      0.94     26224
           1       0.94      0.88      0.91     22755
           2       0.74      0.96      0.84      2665
           3       0.93      0.96      0.94      2318

    accuracy                           0.92     53962
   macro avg       0.88      0.94      0.91     53962
weighted avg       0.92      0.92      0.92     53962

confusion matrix not normalized:
[[24872  1269    83     0]
 [ 1814 19977   794   170]
 [  112     0  2553     0]
 [   17    82     0  2219]]
confusion matrix normalized according to the true classes:
[[0.94844417 0.04839079 0.00316504 0.        ]
 [0.07971874 0.87791694 0.03489343 0.00747089]
 [0.04202627 0.         0.95797373 0.        ]
 [0.00733391 0.03537532 0.         0.95729077]]
confusion matrix normalized according to the predicted classes:
[[9.27540556e-01 5.94992498e-02 2.41982507e-02 0.00000000e+00]
 [6.76487041e-02 9.36656039e-01 2.31486880e-01 7.11594810e-02]
 [4.17676674e-03 0.00000000e+00 7.44314869e-01 0.00000000e+00]
 [6.33973522e-04 3.84471118e-03 0.00000000e+00 9.28840519e-01]]
confusion matrix normalized according to the whole population:
[[4.60916942e-01 2.35165487e-02 1.53811942e-03 0.00000000e+00]
 [3.36162485e-02 3.70204959e-01 1.47140580e-02 3.15036507e-03]
 [2.07553464e-03 0.00000000e+00 4.73110708e-02 0.00000000e+00]
 [3.15036507e-04 1.51958786e-03 0.00000000e+00 4.11215300e-02]]


idModel: 2
seed: 1609734008
overlayPath: /home/lmathy/breast_cancer_analysis/overlay
dataCubePath: /home/lmathy/breast_cancer_analysis/br20832_cores
kFoldIndicesPath: /home/lmathy/breast_cancer_analysis/matlab/histology/kFoldInd3.mat
colours: 
[[103 193  66]
 [255   0   0]
 [165  55 156]
 [243 143  53]
 [194 243 174]
 [ 69 120 236]]
peakWaveQualityTest: 1655
troughWaveQualityTest: 1760
minimumQualityTest: 0.1
maximumQualityTest: 2
makeQualityTestTrainingSet: True
makeQualityTestTestSet: True
noiseReductionFirst: True
methodNoiseReduction: None
numberPrincipalComponents: 35
inverseTransform: True

additionalParametersNoiseReduction:

pcaClass informations: None

intervalsToSelect: 
None
normalise: False
methodSavitzkyGolayFilter: savitzky_golay_filter
smoothingPoints: 13
orderPolynomialFit: 4

additionalParametersSavitzkyGolayFilter:
deriv: 2
mode: constant
cval: 0.0

dictionaryClassesMapping: 
{(0, 1): 0, (2, 3): 1, (4,): 2, (5,): 3}
methodClassesEqualization: anticipated_random_under_sampler

additionalParametersClassesEqualization:
random_state: RandomState(MT19937)

methodFeatureSelection: None

waveNumbers:
[ 912  916  920  924  928  932  936  940  944  948  952  956  960  964
  968  972  976  980  984  988  992  996 1000 1004 1008 1012 1016 1020
 1024 1028 1032 1036 1040 1044 1048 1052 1056 1060 1064 1068 1072 1076
 1080 1084 1088 1092 1096 1100 1104 1108 1112 1116 1120 1124 1128 1132
 1136 1140 1144 1148 1152 1156 1160 1164 1168 1172 1176 1180 1184 1188
 1192 1196 1200 1204 1208 1212 1216 1220 1224 1228 1232 1236 1240 1244
 1248 1252 1256 1260 1264 1268 1272 1276 1280 1284 1288 1292 1296 1300
 1304 1308 1312 1316 1320 1324 1328 1332 1336 1340 1344 1348 1352 1356
 1360 1364 1368 1372 1376 1380 1384 1388 1392 1396 1400 1404 1408 1412
 1416 1420 1424 1428 1432 1436 1440 1444 1448 1452 1456 1460 1464 1468
 1472 1476 1480 1484 1488 1492 1496 1500 1504 1508 1512 1516 1520 1524
 1528 1532 1536 1540 1544 1548 1552 1556 1560 1564 1568 1572 1576 1580
 1584 1588 1592 1596 1600 1604 1608 1612 1616 1620 1624 1628 1632 1636
 1640 1644 1648 1652 1656 1660 1664 1668 1672 1676 1680 1684 1688 1692
 1696 1700 1704 1708 1712 1716 1720 1724 1728 1732 1736 1740 1744 1748
 1752 1756 1760 1764 1768 1772 1776 1780 1784 1788 1792 1796 1800]

model: <class 'sklearn.ensemble._forest.RandomForestClassifier'>

learning model informations:
bootstrap: True
ccp_alpha: 0.0
class_weight: None
criterion: gini
max_depth: None
max_features: sqrt
max_leaf_nodes: None
max_samples: None
min_impurity_decrease: 0.0
min_impurity_split: None
min_samples_leaf: 10
min_samples_split: 2
min_weight_fraction_leaf: 0.0
n_estimators: 500
n_jobs: -1
oob_score: False
random_state: RandomState(MT19937)
verbose: 0
warm_start: False

widthSubwindow: 3
heightSubwindow: 3
methodSubwindow: subwindow_multioutput

class distribution after potential subwindows creations:
class number: 0, number elements: 115083
class number: 1, number elements: 65953
class number: 2, number elements: 1206
class number: 3, number elements: 23071
total number elements: 205313

makeMirrors: False
makeRotations: False

              precision    recall  f1-score   support

           0       0.92      0.96      0.94     26224
           1       0.94      0.88      0.91     22755
           2       0.78      0.92      0.84      2665
           3       0.97      0.94      0.96      2318

    accuracy                           0.92     53962
   macro avg       0.90      0.92      0.91     53962
weighted avg       0.92      0.92      0.92     53962

confusion matrix not normalized:
[[25062  1157     0     5]
 [ 2041 19955   702    57]
 [  216     0  2449     0]
 [    3   127     0  2188]]
confusion matrix normalized according to the true classes:
[[9.55689445e-01 4.41198902e-02 0.00000000e+00 1.90665040e-04]
 [8.96945726e-02 8.76950121e-01 3.08503626e-02 2.50494397e-03]
 [8.10506567e-02 0.00000000e+00 9.18949343e-01 0.00000000e+00]
 [1.29421915e-03 5.47886109e-02 0.00000000e+00 9.43917170e-01]]
confusion matrix normalized according to the predicted classes:
[[9.17282776e-01 5.44752578e-02 0.00000000e+00 2.22222222e-03]
 [7.47017056e-02 9.39545176e-01 2.22786417e-01 2.53333333e-02]
 [7.90571700e-03 0.00000000e+00 7.77213583e-01 0.00000000e+00]
 [1.09801625e-04 5.97956589e-03 0.00000000e+00 9.72444444e-01]]
confusion matrix normalized according to the whole population:
[[4.64437938e-01 2.14410140e-02 0.00000000e+00 9.26577962e-05]
 [3.78229124e-02 3.69797265e-01 1.30091546e-02 1.05629888e-03]
 [4.00281680e-03 0.00000000e+00 4.53837886e-02 0.00000000e+00]
 [5.55946777e-05 2.35350802e-03 0.00000000e+00 4.05470516e-02]]


idModel: 3
seed: 1609734008
overlayPath: /home/lmathy/breast_cancer_analysis/overlay
dataCubePath: /home/lmathy/breast_cancer_analysis/br20832_cores
kFoldIndicesPath: /home/lmathy/breast_cancer_analysis/matlab/histology/kFoldInd3.mat
colours: 
[[103 193  66]
 [255   0   0]
 [165  55 156]
 [243 143  53]
 [194 243 174]
 [ 69 120 236]]
peakWaveQualityTest: 1655
troughWaveQualityTest: 1760
minimumQualityTest: 0.1
maximumQualityTest: 2
makeQualityTestTrainingSet: True
makeQualityTestTestSet: True
noiseReductionFirst: True
methodNoiseReduction: None
numberPrincipalComponents: 35
inverseTransform: True

additionalParametersNoiseReduction:

pcaClass informations: None

intervalsToSelect: 
None
normalise: False
methodSavitzkyGolayFilter: savitzky_golay_filter
smoothingPoints: 13
orderPolynomialFit: 4

additionalParametersSavitzkyGolayFilter:
deriv: 2
mode: constant
cval: 0.0

dictionaryClassesMapping: 
{(0, 1): 0, (2, 3): 1, (4,): 2, (5,): 3}
methodClassesEqualization: anticipated_random_under_sampler

additionalParametersClassesEqualization:
random_state: RandomState(MT19937)

methodFeatureSelection: None

waveNumbers:
[ 912  916  920  924  928  932  936  940  944  948  952  956  960  964
  968  972  976  980  984  988  992  996 1000 1004 1008 1012 1016 1020
 1024 1028 1032 1036 1040 1044 1048 1052 1056 1060 1064 1068 1072 1076
 1080 1084 1088 1092 1096 1100 1104 1108 1112 1116 1120 1124 1128 1132
 1136 1140 1144 1148 1152 1156 1160 1164 1168 1172 1176 1180 1184 1188
 1192 1196 1200 1204 1208 1212 1216 1220 1224 1228 1232 1236 1240 1244
 1248 1252 1256 1260 1264 1268 1272 1276 1280 1284 1288 1292 1296 1300
 1304 1308 1312 1316 1320 1324 1328 1332 1336 1340 1344 1348 1352 1356
 1360 1364 1368 1372 1376 1380 1384 1388 1392 1396 1400 1404 1408 1412
 1416 1420 1424 1428 1432 1436 1440 1444 1448 1452 1456 1460 1464 1468
 1472 1476 1480 1484 1488 1492 1496 1500 1504 1508 1512 1516 1520 1524
 1528 1532 1536 1540 1544 1548 1552 1556 1560 1564 1568 1572 1576 1580
 1584 1588 1592 1596 1600 1604 1608 1612 1616 1620 1624 1628 1632 1636
 1640 1644 1648 1652 1656 1660 1664 1668 1672 1676 1680 1684 1688 1692
 1696 1700 1704 1708 1712 1716 1720 1724 1728 1732 1736 1740 1744 1748
 1752 1756 1760 1764 1768 1772 1776 1780 1784 1788 1792 1796 1800]

model: <class 'sklearn.ensemble._forest.RandomForestClassifier'>

learning model informations:
bootstrap: True
ccp_alpha: 0.0
class_weight: None
criterion: gini
max_depth: None
max_features: sqrt
max_leaf_nodes: None
max_samples: None
min_impurity_decrease: 0.0
min_impurity_split: None
min_samples_leaf: 10
min_samples_split: 2
min_weight_fraction_leaf: 0.0
n_estimators: 500
n_jobs: -1
oob_score: False
random_state: RandomState(MT19937)
verbose: 0
warm_start: False

widthSubwindow: 3
heightSubwindow: 3
methodSubwindow: subwindow_multioutput

class distribution after potential subwindows creations:
class number: 0, number elements: 115083
class number: 1, number elements: 65953
class number: 2, number elements: 1206
class number: 3, number elements: 23071
total number elements: 205313

makeMirrors: False
makeRotations: False

              precision    recall  f1-score   support

           0       0.92      0.96      0.94     26224
           1       0.94      0.88      0.91     22755
           2       0.78      0.92      0.84      2665
           3       0.97      0.95      0.96      2318

    accuracy                           0.92     53962
   macro avg       0.90      0.92      0.91     53962
weighted avg       0.92      0.92      0.92     53962

confusion matrix not normalized:
[[25071  1148     0     5]
 [ 2044 19955   700    56]
 [  213     0  2452     0]
 [    3   122     0  2193]]
confusion matrix normalized according to the true classes:
[[9.56032642e-01 4.37766931e-02 0.00000000e+00 1.90665040e-04]
 [8.98264118e-02 8.76950121e-01 3.07624698e-02 2.46099758e-03]
 [7.99249531e-02 0.00000000e+00 9.20075047e-01 0.00000000e+00]
 [1.29421915e-03 5.26315789e-02 0.00000000e+00 9.46074202e-01]]
confusion matrix normalized according to the predicted classes:
[[9.17310014e-01 5.40871614e-02 0.00000000e+00 2.21827862e-03]
 [7.47868721e-02 9.40164900e-01 2.22081218e-01 2.48447205e-02]
 [7.79334821e-03 0.00000000e+00 7.77918782e-01 0.00000000e+00]
 [1.09765468e-04 5.74793875e-03 0.00000000e+00 9.72937001e-01]]
confusion matrix normalized according to the whole population:
[[4.64604722e-01 2.12742300e-02 0.00000000e+00 9.26577962e-05]
 [3.78785071e-02 3.69797265e-01 1.29720915e-02 1.03776732e-03]
 [3.94722212e-03 0.00000000e+00 4.54393833e-02 0.00000000e+00]
 [5.55946777e-05 2.26085023e-03 0.00000000e+00 4.06397094e-02]]


idModel: 4
seed: 1609734008
overlayPath: /home/lmathy/breast_cancer_analysis/overlay
dataCubePath: /home/lmathy/breast_cancer_analysis/br20832_cores
kFoldIndicesPath: /home/lmathy/breast_cancer_analysis/matlab/histology/kFoldInd3.mat
colours: 
[[103 193  66]
 [255   0   0]
 [165  55 156]
 [243 143  53]
 [194 243 174]
 [ 69 120 236]]
peakWaveQualityTest: 1655
troughWaveQualityTest: 1760
minimumQualityTest: 0.1
maximumQualityTest: 2
makeQualityTestTrainingSet: True
makeQualityTestTestSet: True
noiseReductionFirst: True
methodNoiseReduction: None
numberPrincipalComponents: 35
inverseTransform: True

additionalParametersNoiseReduction:

pcaClass informations: None

intervalsToSelect: 
None
normalise: False
methodSavitzkyGolayFilter: savitzky_golay_filter
smoothingPoints: 13
orderPolynomialFit: 4

additionalParametersSavitzkyGolayFilter:
deriv: 2
mode: constant
cval: 0.0

dictionaryClassesMapping: 
{(0, 1): 0, (2, 3): 1, (4,): 2, (5,): 3}
methodClassesEqualization: anticipated_random_under_sampler

additionalParametersClassesEqualization:
random_state: RandomState(MT19937)

methodFeatureSelection: None

waveNumbers:
[ 912  916  920  924  928  932  936  940  944  948  952  956  960  964
  968  972  976  980  984  988  992  996 1000 1004 1008 1012 1016 1020
 1024 1028 1032 1036 1040 1044 1048 1052 1056 1060 1064 1068 1072 1076
 1080 1084 1088 1092 1096 1100 1104 1108 1112 1116 1120 1124 1128 1132
 1136 1140 1144 1148 1152 1156 1160 1164 1168 1172 1176 1180 1184 1188
 1192 1196 1200 1204 1208 1212 1216 1220 1224 1228 1232 1236 1240 1244
 1248 1252 1256 1260 1264 1268 1272 1276 1280 1284 1288 1292 1296 1300
 1304 1308 1312 1316 1320 1324 1328 1332 1336 1340 1344 1348 1352 1356
 1360 1364 1368 1372 1376 1380 1384 1388 1392 1396 1400 1404 1408 1412
 1416 1420 1424 1428 1432 1436 1440 1444 1448 1452 1456 1460 1464 1468
 1472 1476 1480 1484 1488 1492 1496 1500 1504 1508 1512 1516 1520 1524
 1528 1532 1536 1540 1544 1548 1552 1556 1560 1564 1568 1572 1576 1580
 1584 1588 1592 1596 1600 1604 1608 1612 1616 1620 1624 1628 1632 1636
 1640 1644 1648 1652 1656 1660 1664 1668 1672 1676 1680 1684 1688 1692
 1696 1700 1704 1708 1712 1716 1720 1724 1728 1732 1736 1740 1744 1748
 1752 1756 1760 1764 1768 1772 1776 1780 1784 1788 1792 1796 1800]

model: <class 'sklearn.ensemble._forest.RandomForestClassifier'>

learning model informations:
bootstrap: True
ccp_alpha: 0.0
class_weight: None
criterion: gini
max_depth: None
max_features: sqrt
max_leaf_nodes: None
max_samples: None
min_impurity_decrease: 0.0
min_impurity_split: None
min_samples_leaf: 10
min_samples_split: 2
min_weight_fraction_leaf: 0.0
n_estimators: 500
n_jobs: -1
oob_score: False
random_state: RandomState(MT19937)
verbose: 0
warm_start: False

widthSubwindow: 5
heightSubwindow: 5
methodSubwindow: subwindow_multioutput

class distribution after potential subwindows creations:
class number: 0, number elements: 88594
class number: 1, number elements: 46013
class number: 2, number elements: 725
class number: 3, number elements: 20812
total number elements: 156144

makeMirrors: False
makeRotations: False

              precision    recall  f1-score   support

           0       0.92      0.95      0.93     26224
           1       0.94      0.88      0.91     22755
           2       0.81      0.89      0.85      2665
           3       0.97      0.94      0.96      2318

    accuracy                           0.92     53962
   macro avg       0.91      0.92      0.91     53962
weighted avg       0.92      0.92      0.92     53962

confusion matrix not normalized:
[[25018  1206     0     0]
 [ 2009 20128   557    61]
 [  293     0  2372     0]
 [    5   138     0  2175]]
confusion matrix normalized according to the true classes:
[[0.95401159 0.04598841 0.         0.        ]
 [0.08828829 0.88455285 0.02447814 0.00268073]
 [0.10994371 0.         0.89005629 0.        ]
 [0.00215703 0.05953408 0.         0.93830889]]
confusion matrix normalized according to the predicted classes:
[[9.15571821e-01 5.61661699e-02 0.00000000e+00 0.00000000e+00]
 [7.35224154e-02 9.37406855e-01 1.90167293e-01 2.72808587e-02]
 [1.07227813e-02 0.00000000e+00 8.09832707e-01 0.00000000e+00]
 [1.82982617e-04 6.42697466e-03 0.00000000e+00 9.72719141e-01]]
confusion matrix normalized according to the whole population:
[[4.63622549e-01 2.23490604e-02 0.00000000e+00 0.00000000e+00]
 [3.72299025e-02 3.73003224e-01 1.03220785e-02 1.13042511e-03]
 [5.42974686e-03 0.00000000e+00 4.39568585e-02 0.00000000e+00]
 [9.26577962e-05 2.55735518e-03 0.00000000e+00 4.03061414e-02]]


idModel: 5
seed: 1609734008
overlayPath: /home/lmathy/breast_cancer_analysis/overlay
dataCubePath: /home/lmathy/breast_cancer_analysis/br20832_cores
kFoldIndicesPath: /home/lmathy/breast_cancer_analysis/matlab/histology/kFoldInd3.mat
colours: 
[[103 193  66]
 [255   0   0]
 [165  55 156]
 [243 143  53]
 [194 243 174]
 [ 69 120 236]]
peakWaveQualityTest: 1655
troughWaveQualityTest: 1760
minimumQualityTest: 0.1
maximumQualityTest: 2
makeQualityTestTrainingSet: True
makeQualityTestTestSet: True
noiseReductionFirst: True
methodNoiseReduction: None
numberPrincipalComponents: 35
inverseTransform: True

additionalParametersNoiseReduction:

pcaClass informations: None

intervalsToSelect: 
None
normalise: False
methodSavitzkyGolayFilter: savitzky_golay_filter
smoothingPoints: 13
orderPolynomialFit: 4

additionalParametersSavitzkyGolayFilter:
deriv: 2
mode: constant
cval: 0.0

dictionaryClassesMapping: 
{(0, 1): 0, (2, 3): 1, (4,): 2, (5,): 3}
methodClassesEqualization: anticipated_random_under_sampler

additionalParametersClassesEqualization:
random_state: RandomState(MT19937)

methodFeatureSelection: None

waveNumbers:
[ 912  916  920  924  928  932  936  940  944  948  952  956  960  964
  968  972  976  980  984  988  992  996 1000 1004 1008 1012 1016 1020
 1024 1028 1032 1036 1040 1044 1048 1052 1056 1060 1064 1068 1072 1076
 1080 1084 1088 1092 1096 1100 1104 1108 1112 1116 1120 1124 1128 1132
 1136 1140 1144 1148 1152 1156 1160 1164 1168 1172 1176 1180 1184 1188
 1192 1196 1200 1204 1208 1212 1216 1220 1224 1228 1232 1236 1240 1244
 1248 1252 1256 1260 1264 1268 1272 1276 1280 1284 1288 1292 1296 1300
 1304 1308 1312 1316 1320 1324 1328 1332 1336 1340 1344 1348 1352 1356
 1360 1364 1368 1372 1376 1380 1384 1388 1392 1396 1400 1404 1408 1412
 1416 1420 1424 1428 1432 1436 1440 1444 1448 1452 1456 1460 1464 1468
 1472 1476 1480 1484 1488 1492 1496 1500 1504 1508 1512 1516 1520 1524
 1528 1532 1536 1540 1544 1548 1552 1556 1560 1564 1568 1572 1576 1580
 1584 1588 1592 1596 1600 1604 1608 1612 1616 1620 1624 1628 1632 1636
 1640 1644 1648 1652 1656 1660 1664 1668 1672 1676 1680 1684 1688 1692
 1696 1700 1704 1708 1712 1716 1720 1724 1728 1732 1736 1740 1744 1748
 1752 1756 1760 1764 1768 1772 1776 1780 1784 1788 1792 1796 1800]

model: <class 'sklearn.ensemble._forest.RandomForestClassifier'>

learning model informations:
bootstrap: True
ccp_alpha: 0.0
class_weight: None
criterion: gini
max_depth: None
max_features: sqrt
max_leaf_nodes: None
max_samples: None
min_impurity_decrease: 0.0
min_impurity_split: None
min_samples_leaf: 10
min_samples_split: 2
min_weight_fraction_leaf: 0.0
n_estimators: 500
n_jobs: -1
oob_score: False
random_state: RandomState(MT19937)
verbose: 0
warm_start: False

widthSubwindow: 5
heightSubwindow: 5
methodSubwindow: subwindow_multioutput

class distribution after potential subwindows creations:
class number: 0, number elements: 88594
class number: 1, number elements: 46013
class number: 2, number elements: 725
class number: 3, number elements: 20812
total number elements: 156144

makeMirrors: False
makeRotations: False

              precision    recall  f1-score   support

           0       0.92      0.95      0.93     26224
           1       0.94      0.89      0.91     22755
           2       0.81      0.89      0.85      2665
           3       0.97      0.94      0.96      2318

    accuracy                           0.92     53962
   macro avg       0.91      0.92      0.91     53962
weighted avg       0.92      0.92      0.92     53962

confusion matrix not normalized:
[[25015  1209     0     0]
 [ 1977 20163   553    62]
 [  295     0  2370     0]
 [    4   136     0  2178]]
confusion matrix normalized according to the true classes:
[[0.95389719 0.04610281 0.         0.        ]
 [0.086882   0.88609097 0.02430235 0.00272468]
 [0.11069418 0.         0.88930582 0.        ]
 [0.00172563 0.05867127 0.         0.93960311]]
confusion matrix normalized according to the predicted classes:
[[9.16602543e-01 5.62116422e-02 0.00000000e+00 0.00000000e+00]
 [7.24414642e-02 9.37465129e-01 1.89189189e-01 2.76785714e-02]
 [1.08094244e-02 0.00000000e+00 8.10810811e-01 0.00000000e+00]
 [1.46568466e-04 6.32322857e-03 0.00000000e+00 9.72321429e-01]]
confusion matrix normalized according to the whole population:
[[4.63566955e-01 2.24046551e-02 0.00000000e+00 0.00000000e+00]
 [3.66368926e-02 3.73651829e-01 1.02479523e-02 1.14895667e-03]
 [5.46680998e-03 0.00000000e+00 4.39197954e-02 0.00000000e+00]
 [7.41262370e-05 2.52029206e-03 0.00000000e+00 4.03617360e-02]]


idModel: 6
seed: 1609734008
overlayPath: /home/lmathy/breast_cancer_analysis/overlay
dataCubePath: /home/lmathy/breast_cancer_analysis/br20832_cores
kFoldIndicesPath: /home/lmathy/breast_cancer_analysis/matlab/histology/kFoldInd3.mat
colours: 
[[103 193  66]
 [255   0   0]
 [165  55 156]
 [243 143  53]
 [194 243 174]
 [ 69 120 236]]
peakWaveQualityTest: 1655
troughWaveQualityTest: 1760
minimumQualityTest: 0.1
maximumQualityTest: 2
makeQualityTestTrainingSet: True
makeQualityTestTestSet: True
noiseReductionFirst: True
methodNoiseReduction: None
numberPrincipalComponents: 35
inverseTransform: True

additionalParametersNoiseReduction:

pcaClass informations: None

intervalsToSelect: 
None
normalise: False
methodSavitzkyGolayFilter: savitzky_golay_filter
smoothingPoints: 13
orderPolynomialFit: 4

additionalParametersSavitzkyGolayFilter:
deriv: 2
mode: constant
cval: 0.0

dictionaryClassesMapping: 
{(0, 1): 0, (2, 3): 1, (4,): 2, (5,): 3}
methodClassesEqualization: anticipated_random_under_sampler

additionalParametersClassesEqualization:
random_state: RandomState(MT19937)

methodFeatureSelection: None

waveNumbers:
[ 912  916  920  924  928  932  936  940  944  948  952  956  960  964
  968  972  976  980  984  988  992  996 1000 1004 1008 1012 1016 1020
 1024 1028 1032 1036 1040 1044 1048 1052 1056 1060 1064 1068 1072 1076
 1080 1084 1088 1092 1096 1100 1104 1108 1112 1116 1120 1124 1128 1132
 1136 1140 1144 1148 1152 1156 1160 1164 1168 1172 1176 1180 1184 1188
 1192 1196 1200 1204 1208 1212 1216 1220 1224 1228 1232 1236 1240 1244
 1248 1252 1256 1260 1264 1268 1272 1276 1280 1284 1288 1292 1296 1300
 1304 1308 1312 1316 1320 1324 1328 1332 1336 1340 1344 1348 1352 1356
 1360 1364 1368 1372 1376 1380 1384 1388 1392 1396 1400 1404 1408 1412
 1416 1420 1424 1428 1432 1436 1440 1444 1448 1452 1456 1460 1464 1468
 1472 1476 1480 1484 1488 1492 1496 1500 1504 1508 1512 1516 1520 1524
 1528 1532 1536 1540 1544 1548 1552 1556 1560 1564 1568 1572 1576 1580
 1584 1588 1592 1596 1600 1604 1608 1612 1616 1620 1624 1628 1632 1636
 1640 1644 1648 1652 1656 1660 1664 1668 1672 1676 1680 1684 1688 1692
 1696 1700 1704 1708 1712 1716 1720 1724 1728 1732 1736 1740 1744 1748
 1752 1756 1760 1764 1768 1772 1776 1780 1784 1788 1792 1796 1800]

model: <class 'sklearn.ensemble._forest.RandomForestClassifier'>

learning model informations:
bootstrap: True
ccp_alpha: 0.0
class_weight: None
criterion: gini
max_depth: None
max_features: sqrt
max_leaf_nodes: None
max_samples: None
min_impurity_decrease: 0.0
min_impurity_split: None
min_samples_leaf: 10
min_samples_split: 2
min_weight_fraction_leaf: 0.0
n_estimators: 500
n_jobs: -1
oob_score: False
random_state: RandomState(MT19937)
verbose: 0
warm_start: False

widthSubwindow: 7
heightSubwindow: 7
methodSubwindow: subwindow_multioutput

class distribution after potential subwindows creations:
class number: 0, number elements: 66924
class number: 1, number elements: 30108
class number: 2, number elements: 381
class number: 3, number elements: 18623
total number elements: 116036

makeMirrors: False
makeRotations: False

              precision    recall  f1-score   support

           0       0.91      0.94      0.93     26224
           1       0.93      0.89      0.91     22755
           2       0.86      0.80      0.83      2665
           3       0.82      0.94      0.88      2318

    accuracy                           0.91     53962
   macro avg       0.88      0.89      0.89     53962
weighted avg       0.91      0.91      0.91     53962

confusion matrix not normalized:
[[24756  1381     0    87]
 [ 1774 20241   333   407]
 [  544     0  2121     0]
 [   15   113     0  2190]]
confusion matrix normalized according to the true classes:
[[0.94402074 0.05266168 0.         0.00331757]
 [0.07796089 0.88951879 0.01463415 0.01788618]
 [0.20412758 0.         0.79587242 0.        ]
 [0.0064711  0.04874892 0.         0.94477998]]
confusion matrix normalized according to the predicted classes:
[[9.13876481e-01 6.35380722e-02 0.00000000e+00 3.24143070e-02]
 [6.54878364e-02 9.31262940e-01 1.35696822e-01 1.51639344e-01]
 [2.00819521e-02 0.00000000e+00 8.64303178e-01 0.00000000e+00]
 [5.53730296e-04 5.19898781e-03 0.00000000e+00 8.15946349e-01]]
confusion matrix normalized according to the whole population:
[[4.58767281e-01 2.55920833e-02 0.00000000e+00 1.61224565e-03]
 [3.28749861e-02 3.75097291e-01 6.17100923e-03 7.54234461e-03]
 [1.00811682e-02 0.00000000e+00 3.93054372e-02 0.00000000e+00]
 [2.77973389e-04 2.09406619e-03 0.00000000e+00 4.05841147e-02]]


idModel: 7
seed: 1609734008
overlayPath: /home/lmathy/breast_cancer_analysis/overlay
dataCubePath: /home/lmathy/breast_cancer_analysis/br20832_cores
kFoldIndicesPath: /home/lmathy/breast_cancer_analysis/matlab/histology/kFoldInd3.mat
colours: 
[[103 193  66]
 [255   0   0]
 [165  55 156]
 [243 143  53]
 [194 243 174]
 [ 69 120 236]]
peakWaveQualityTest: 1655
troughWaveQualityTest: 1760
minimumQualityTest: 0.1
maximumQualityTest: 2
makeQualityTestTrainingSet: True
makeQualityTestTestSet: True
noiseReductionFirst: True
methodNoiseReduction: None
numberPrincipalComponents: 35
inverseTransform: True

additionalParametersNoiseReduction:

pcaClass informations: None

intervalsToSelect: 
None
normalise: False
methodSavitzkyGolayFilter: savitzky_golay_filter
smoothingPoints: 13
orderPolynomialFit: 4

additionalParametersSavitzkyGolayFilter:
deriv: 2
mode: constant
cval: 0.0

dictionaryClassesMapping: 
{(0, 1): 0, (2, 3): 1, (4,): 2, (5,): 3}
methodClassesEqualization: anticipated_random_under_sampler

additionalParametersClassesEqualization:
random_state: RandomState(MT19937)

methodFeatureSelection: None

waveNumbers:
[ 912  916  920  924  928  932  936  940  944  948  952  956  960  964
  968  972  976  980  984  988  992  996 1000 1004 1008 1012 1016 1020
 1024 1028 1032 1036 1040 1044 1048 1052 1056 1060 1064 1068 1072 1076
 1080 1084 1088 1092 1096 1100 1104 1108 1112 1116 1120 1124 1128 1132
 1136 1140 1144 1148 1152 1156 1160 1164 1168 1172 1176 1180 1184 1188
 1192 1196 1200 1204 1208 1212 1216 1220 1224 1228 1232 1236 1240 1244
 1248 1252 1256 1260 1264 1268 1272 1276 1280 1284 1288 1292 1296 1300
 1304 1308 1312 1316 1320 1324 1328 1332 1336 1340 1344 1348 1352 1356
 1360 1364 1368 1372 1376 1380 1384 1388 1392 1396 1400 1404 1408 1412
 1416 1420 1424 1428 1432 1436 1440 1444 1448 1452 1456 1460 1464 1468
 1472 1476 1480 1484 1488 1492 1496 1500 1504 1508 1512 1516 1520 1524
 1528 1532 1536 1540 1544 1548 1552 1556 1560 1564 1568 1572 1576 1580
 1584 1588 1592 1596 1600 1604 1608 1612 1616 1620 1624 1628 1632 1636
 1640 1644 1648 1652 1656 1660 1664 1668 1672 1676 1680 1684 1688 1692
 1696 1700 1704 1708 1712 1716 1720 1724 1728 1732 1736 1740 1744 1748
 1752 1756 1760 1764 1768 1772 1776 1780 1784 1788 1792 1796 1800]

model: <class 'sklearn.ensemble._forest.RandomForestClassifier'>

learning model informations:
bootstrap: True
ccp_alpha: 0.0
class_weight: None
criterion: gini
max_depth: None
max_features: sqrt
max_leaf_nodes: None
max_samples: None
min_impurity_decrease: 0.0
min_impurity_split: None
min_samples_leaf: 10
min_samples_split: 2
min_weight_fraction_leaf: 0.0
n_estimators: 500
n_jobs: -1
oob_score: False
random_state: RandomState(MT19937)
verbose: 0
warm_start: False

widthSubwindow: 7
heightSubwindow: 7
methodSubwindow: subwindow_multioutput

class distribution after potential subwindows creations:
class number: 0, number elements: 66924
class number: 1, number elements: 30108
class number: 2, number elements: 381
class number: 3, number elements: 18623
total number elements: 116036

makeMirrors: False
makeRotations: False

              precision    recall  f1-score   support

           0       0.91      0.94      0.93     26224
           1       0.93      0.89      0.91     22755
           2       0.86      0.78      0.82      2665
           3       0.84      0.95      0.89      2318

    accuracy                           0.91     53962
   macro avg       0.88      0.89      0.89     53962
weighted avg       0.92      0.91      0.91     53962

confusion matrix not normalized:
[[24764  1377     0    83]
 [ 1757 20306   349   343]
 [  573     0  2092     0]
 [   13   111     0  2194]]
confusion matrix normalized according to the true classes:
[[0.94432581 0.05250915 0.         0.00316504]
 [0.0772138  0.8923753  0.01533729 0.01507361]
 [0.21500938 0.         0.78499062 0.        ]
 [0.00560828 0.04788611 0.         0.94650561]]
confusion matrix normalized according to the predicted classes:
[[9.13564762e-01 6.31825273e-02 0.00000000e+00 3.16793893e-02]
 [6.48172059e-02 9.31724328e-01 1.42974191e-01 1.30916031e-01]
 [2.11384513e-02 0.00000000e+00 8.57025809e-01 0.00000000e+00]
 [4.79580920e-04 5.09314490e-03 0.00000000e+00 8.37404580e-01]]
confusion matrix normalized according to the whole population:
[[4.58915533e-01 2.55179571e-02 0.00000000e+00 1.53811942e-03]
 [3.25599496e-02 3.76301842e-01 6.46751418e-03 6.35632482e-03]
 [1.06185834e-02 0.00000000e+00 3.87680219e-02 0.00000000e+00]
 [2.40910270e-04 2.05700308e-03 0.00000000e+00 4.06582410e-02]]


idModel: 8
seed: 1609734008
overlayPath: /home/lmathy/breast_cancer_analysis/overlay
dataCubePath: /home/lmathy/breast_cancer_analysis/br20832_cores
kFoldIndicesPath: /home/lmathy/breast_cancer_analysis/matlab/histology/kFoldInd3.mat
colours: 
[[103 193  66]
 [255   0   0]
 [165  55 156]
 [243 143  53]
 [194 243 174]
 [ 69 120 236]]
peakWaveQualityTest: 1655
troughWaveQualityTest: 1760
minimumQualityTest: 0.1
maximumQualityTest: 2
makeQualityTestTrainingSet: True
makeQualityTestTestSet: True
noiseReductionFirst: True
methodNoiseReduction: None
numberPrincipalComponents: 35
inverseTransform: True

additionalParametersNoiseReduction:

pcaClass informations: None

intervalsToSelect: 
None
normalise: False
methodSavitzkyGolayFilter: savitzky_golay_filter
smoothingPoints: 13
orderPolynomialFit: 4

additionalParametersSavitzkyGolayFilter:
deriv: 2
mode: constant
cval: 0.0

dictionaryClassesMapping: 
{(0, 1): 0, (2, 3): 1, (4,): 2, (5,): 3}
methodClassesEqualization: anticipated_random_under_sampler

additionalParametersClassesEqualization:
random_state: RandomState(MT19937)

methodFeatureSelection: None

waveNumbers:
[ 912  916  920  924  928  932  936  940  944  948  952  956  960  964
  968  972  976  980  984  988  992  996 1000 1004 1008 1012 1016 1020
 1024 1028 1032 1036 1040 1044 1048 1052 1056 1060 1064 1068 1072 1076
 1080 1084 1088 1092 1096 1100 1104 1108 1112 1116 1120 1124 1128 1132
 1136 1140 1144 1148 1152 1156 1160 1164 1168 1172 1176 1180 1184 1188
 1192 1196 1200 1204 1208 1212 1216 1220 1224 1228 1232 1236 1240 1244
 1248 1252 1256 1260 1264 1268 1272 1276 1280 1284 1288 1292 1296 1300
 1304 1308 1312 1316 1320 1324 1328 1332 1336 1340 1344 1348 1352 1356
 1360 1364 1368 1372 1376 1380 1384 1388 1392 1396 1400 1404 1408 1412
 1416 1420 1424 1428 1432 1436 1440 1444 1448 1452 1456 1460 1464 1468
 1472 1476 1480 1484 1488 1492 1496 1500 1504 1508 1512 1516 1520 1524
 1528 1532 1536 1540 1544 1548 1552 1556 1560 1564 1568 1572 1576 1580
 1584 1588 1592 1596 1600 1604 1608 1612 1616 1620 1624 1628 1632 1636
 1640 1644 1648 1652 1656 1660 1664 1668 1672 1676 1680 1684 1688 1692
 1696 1700 1704 1708 1712 1716 1720 1724 1728 1732 1736 1740 1744 1748
 1752 1756 1760 1764 1768 1772 1776 1780 1784 1788 1792 1796 1800]

model: <class 'sklearn.ensemble._forest.RandomForestClassifier'>

learning model informations:
bootstrap: True
ccp_alpha: 0.0
class_weight: None
criterion: gini
max_depth: None
max_features: sqrt
max_leaf_nodes: None
max_samples: None
min_impurity_decrease: 0.0
min_impurity_split: None
min_samples_leaf: 10
min_samples_split: 2
min_weight_fraction_leaf: 0.0
n_estimators: 500
n_jobs: -1
oob_score: False
random_state: RandomState(MT19937)
verbose: 0
warm_start: False

widthSubwindow: 9
heightSubwindow: 9
methodSubwindow: subwindow_multioutput

class distribution after potential subwindows creations:
class number: 0, number elements: 50134
class number: 1, number elements: 18438
class number: 2, number elements: 169
class number: 3, number elements: 16534
total number elements: 85275

makeMirrors: False
makeRotations: False

              precision    recall  f1-score   support

           0       0.89      0.95      0.92     26224
           1       0.94      0.88      0.91     22755
           2       0.85      0.60      0.70      2665
           3       0.90      0.98      0.94      2318

