idModel: 0
seed: 1595659091
overlayPath: /home/lmathy/breast_cancer_analysis/overlay
dataCubePath: /home/lmathy/breast_cancer_analysis/br20832_cores
kFoldIndicesPath: /home/lmathy/breast_cancer_analysis/matlab/histology/kFoldInd3.mat
colours: 
[[103 193  66]
 [255   0   0]
 [165  55 156]
 [243 143  53]
 [194 243 174]
 [ 69 120 236]]
peakWaveQualityTest: 1655
troughWaveQualityTest: 1760
minimumQualityTest: 0.1
maximumQualityTest: 2
noiseReductionFirst: True
methodNoiseReduction: sklearn_pca
numberPrincipalComponents: 5
inverseTransform: True

additionalParametersNoiseReduction:
random_state: RandomState(MT19937)

pcaClass informations:
copy: True
iterated_power: auto
n_components: 5
random_state: RandomState(MT19937)
svd_solver: auto
tol: 0.0
whiten: False

intervalsToSelect: 
[[1000 1350]
 [1490 1800]]
normalise: True
methodSavitzkyGolayFilter: savitzky_golay_filter
smoothingPoints: 9
orderPolynomialFit: 4

additionalParametersSavitzkyGolayFilter:
deriv: 1
mode: constant
cval: 0.0

dictionaryClassesMapping: 
{(0, 1): 0, (2, 3): 1, (4,): 2, (5,): 3}
methodClassesEqualization: random_under_sampler

additionalParametersClassesEqualization:
random_state: RandomState(MT19937)

methodFeatureSelection: None

waveNumbers:
[1000 1004 1008 1012 1016 1020 1024 1028 1032 1036 1040 1044 1048 1052
 1056 1060 1064 1068 1072 1076 1080 1084 1088 1092 1096 1100 1104 1108
 1112 1116 1120 1124 1128 1132 1136 1140 1144 1148 1152 1156 1160 1164
 1168 1172 1176 1180 1184 1188 1192 1196 1200 1204 1208 1212 1216 1220
 1224 1228 1232 1236 1240 1244 1248 1252 1256 1260 1264 1268 1272 1276
 1280 1284 1288 1292 1296 1300 1304 1308 1312 1316 1320 1324 1328 1332
 1336 1340 1344 1348 1352 1492 1496 1500 1504 1508 1512 1516 1520 1524
 1528 1532 1536 1540 1544 1548 1552 1556 1560 1564 1568 1572 1576 1580
 1584 1588 1592 1596 1600 1604 1608 1612 1616 1620 1624 1628 1632 1636
 1640 1644 1648 1652 1656 1660 1664 1668 1672 1676 1680 1684 1688 1692
 1696 1700 1704 1708 1712 1716 1720 1724 1728 1732 1736 1740 1744 1748
 1752 1756 1760 1764 1768 1772 1776 1780 1784 1788 1792 1796 1800]

model: <class 'sklearn.ensemble._forest.RandomForestClassifier'>

learning model informations:
bootstrap: True
ccp_alpha: 0.0
class_weight: None
criterion: gini
max_depth: None
max_features: 15
max_leaf_nodes: None
max_samples: None
min_impurity_decrease: 0.0
min_impurity_split: None
min_samples_leaf: 10
min_samples_split: 2
min_weight_fraction_leaf: 0.0
n_estimators: 500
n_jobs: -1
oob_score: False
random_state: RandomState(MT19937)
verbose: 0
warm_start: False
              precision    recall  f1-score   support

           0       0.79      0.62      0.70     26224
           1       0.59      0.62      0.60     22755
           2       0.20      0.20      0.20      2665
           3       0.23      0.67      0.34      2318

    accuracy                           0.60     53962
   macro avg       0.45      0.53      0.46     53962
weighted avg       0.65      0.60      0.62     53962

confusion matrix not normalized:
[[16287  7723   283  1931]
 [ 4253 14031  1623  2848]
 [    6  1718   533   408]
 [   19   481   275  1543]]
confusion matrix normalized according to the true classes:
[[0.6210723  0.29450122 0.01079164 0.07363484]
 [0.18690398 0.61661173 0.07132498 0.12515931]
 [0.00225141 0.64465291 0.2        0.15309568]
 [0.00819672 0.20750647 0.11863676 0.66566005]]
confusion matrix normalized according to the predicted classes:
[[7.91976659e-01 3.22423079e-01 1.04274134e-01 2.86924220e-01]
 [2.06807683e-01 5.85772137e-01 5.98010317e-01 4.23179792e-01]
 [2.91757841e-04 7.17237924e-02 1.96389094e-01 6.06240713e-02]
 [9.23899830e-04 2.00809919e-02 1.01326455e-01 2.29271917e-01]]
confusion matrix normalized according to the whole population:
[[3.01823505e-01 1.43119232e-01 5.24443127e-03 3.57844409e-02]
 [7.88147215e-02 2.60016308e-01 3.00767207e-02 5.27778807e-02]
 [1.11189355e-04 3.18372188e-02 9.87732108e-03 7.56087617e-03]
 [3.52099626e-04 8.91368000e-03 5.09617879e-03 2.85941959e-02]]


idModel: 1
seed: 1595659091
overlayPath: /home/lmathy/breast_cancer_analysis/overlay
dataCubePath: /home/lmathy/breast_cancer_analysis/br20832_cores
kFoldIndicesPath: /home/lmathy/breast_cancer_analysis/matlab/histology/kFoldInd3.mat
colours: 
[[103 193  66]
 [255   0   0]
 [165  55 156]
 [243 143  53]
 [194 243 174]
 [ 69 120 236]]
peakWaveQualityTest: 1655
troughWaveQualityTest: 1760
minimumQualityTest: 0.1
maximumQualityTest: 2
noiseReductionFirst: True
methodNoiseReduction: sklearn_pca
numberPrincipalComponents: 10
inverseTransform: True

additionalParametersNoiseReduction:
random_state: RandomState(MT19937)

pcaClass informations:
copy: True
iterated_power: auto
n_components: 10
random_state: RandomState(MT19937)
svd_solver: auto
tol: 0.0
whiten: False

intervalsToSelect: 
[[1000 1350]
 [1490 1800]]
normalise: True
methodSavitzkyGolayFilter: savitzky_golay_filter
smoothingPoints: 9
orderPolynomialFit: 4

additionalParametersSavitzkyGolayFilter:
deriv: 1
mode: constant
cval: 0.0

dictionaryClassesMapping: 
{(0, 1): 0, (2, 3): 1, (4,): 2, (5,): 3}
methodClassesEqualization: random_under_sampler

additionalParametersClassesEqualization:
random_state: RandomState(MT19937)

methodFeatureSelection: None

waveNumbers:
[1000 1004 1008 1012 1016 1020 1024 1028 1032 1036 1040 1044 1048 1052
 1056 1060 1064 1068 1072 1076 1080 1084 1088 1092 1096 1100 1104 1108
 1112 1116 1120 1124 1128 1132 1136 1140 1144 1148 1152 1156 1160 1164
 1168 1172 1176 1180 1184 1188 1192 1196 1200 1204 1208 1212 1216 1220
 1224 1228 1232 1236 1240 1244 1248 1252 1256 1260 1264 1268 1272 1276
 1280 1284 1288 1292 1296 1300 1304 1308 1312 1316 1320 1324 1328 1332
 1336 1340 1344 1348 1352 1492 1496 1500 1504 1508 1512 1516 1520 1524
 1528 1532 1536 1540 1544 1548 1552 1556 1560 1564 1568 1572 1576 1580
 1584 1588 1592 1596 1600 1604 1608 1612 1616 1620 1624 1628 1632 1636
 1640 1644 1648 1652 1656 1660 1664 1668 1672 1676 1680 1684 1688 1692
 1696 1700 1704 1708 1712 1716 1720 1724 1728 1732 1736 1740 1744 1748
 1752 1756 1760 1764 1768 1772 1776 1780 1784 1788 1792 1796 1800]

model: <class 'sklearn.ensemble._forest.RandomForestClassifier'>

learning model informations:
bootstrap: True
ccp_alpha: 0.0
class_weight: None
criterion: gini
max_depth: None
max_features: 15
max_leaf_nodes: None
max_samples: None
min_impurity_decrease: 0.0
min_impurity_split: None
min_samples_leaf: 10
min_samples_split: 2
min_weight_fraction_leaf: 0.0
n_estimators: 500
n_jobs: -1
oob_score: False
random_state: RandomState(MT19937)
verbose: 0
warm_start: False
              precision    recall  f1-score   support

           0       0.88      0.85      0.87     26224
           1       0.89      0.85      0.87     22755
           2       0.66      0.79      0.72      2665
           3       0.57      0.92      0.71      2318

    accuracy                           0.85     53962
   macro avg       0.75      0.85      0.79     53962
weighted avg       0.86      0.85      0.85     53962

confusion matrix not normalized:
[[22307  2349   727   841]
 [ 2759 19324   340   332]
 [  147     0  2109   409]
 [  107    77     3  2131]]
confusion matrix normalized according to the true classes:
[[0.85063301 0.08957444 0.0277227  0.03206986]
 [0.12124808 0.84921995 0.01494177 0.0145902 ]
 [0.05515947 0.         0.79136961 0.15347092]
 [0.04616048 0.03321829 0.00129422 0.91932701]]
confusion matrix normalized according to the predicted classes:
[[0.88100316 0.108      0.22868827 0.22650148]
 [0.10896524 0.88845977 0.10695187 0.08941557]
 [0.00580569 0.         0.66341617 0.11015351]
 [0.00422591 0.00354023 0.00094369 0.57392944]]
confusion matrix normalized according to the whole population:
[[4.13383492e-01 4.35306327e-02 1.34724436e-02 1.55850413e-02]
 [5.11285720e-02 3.58103851e-01 6.30073014e-03 6.15247767e-03]
 [2.72413921e-03 0.00000000e+00 3.90830584e-02 7.57940773e-03]
 [1.98287684e-03 1.42693006e-03 5.55946777e-05 3.94907528e-02]]


idModel: 2
seed: 1595659091
overlayPath: /home/lmathy/breast_cancer_analysis/overlay
dataCubePath: /home/lmathy/breast_cancer_analysis/br20832_cores
kFoldIndicesPath: /home/lmathy/breast_cancer_analysis/matlab/histology/kFoldInd3.mat
colours: 
[[103 193  66]
 [255   0   0]
 [165  55 156]
 [243 143  53]
 [194 243 174]
 [ 69 120 236]]
peakWaveQualityTest: 1655
troughWaveQualityTest: 1760
minimumQualityTest: 0.1
maximumQualityTest: 2
noiseReductionFirst: True
methodNoiseReduction: sklearn_pca
numberPrincipalComponents: 15
inverseTransform: True

additionalParametersNoiseReduction:
random_state: RandomState(MT19937)

pcaClass informations:
copy: True
iterated_power: auto
n_components: 15
random_state: RandomState(MT19937)
svd_solver: auto
tol: 0.0
whiten: False

intervalsToSelect: 
[[1000 1350]
 [1490 1800]]
normalise: True
methodSavitzkyGolayFilter: savitzky_golay_filter
smoothingPoints: 9
orderPolynomialFit: 4

additionalParametersSavitzkyGolayFilter:
deriv: 1
mode: constant
cval: 0.0

dictionaryClassesMapping: 
{(0, 1): 0, (2, 3): 1, (4,): 2, (5,): 3}
methodClassesEqualization: random_under_sampler

additionalParametersClassesEqualization:
random_state: RandomState(MT19937)

methodFeatureSelection: None

waveNumbers:
[1000 1004 1008 1012 1016 1020 1024 1028 1032 1036 1040 1044 1048 1052
 1056 1060 1064 1068 1072 1076 1080 1084 1088 1092 1096 1100 1104 1108
 1112 1116 1120 1124 1128 1132 1136 1140 1144 1148 1152 1156 1160 1164
 1168 1172 1176 1180 1184 1188 1192 1196 1200 1204 1208 1212 1216 1220
 1224 1228 1232 1236 1240 1244 1248 1252 1256 1260 1264 1268 1272 1276
 1280 1284 1288 1292 1296 1300 1304 1308 1312 1316 1320 1324 1328 1332
 1336 1340 1344 1348 1352 1492 1496 1500 1504 1508 1512 1516 1520 1524
 1528 1532 1536 1540 1544 1548 1552 1556 1560 1564 1568 1572 1576 1580
 1584 1588 1592 1596 1600 1604 1608 1612 1616 1620 1624 1628 1632 1636
 1640 1644 1648 1652 1656 1660 1664 1668 1672 1676 1680 1684 1688 1692
 1696 1700 1704 1708 1712 1716 1720 1724 1728 1732 1736 1740 1744 1748
 1752 1756 1760 1764 1768 1772 1776 1780 1784 1788 1792 1796 1800]

model: <class 'sklearn.ensemble._forest.RandomForestClassifier'>

learning model informations:
bootstrap: True
ccp_alpha: 0.0
class_weight: None
criterion: gini
max_depth: None
max_features: 15
max_leaf_nodes: None
max_samples: None
min_impurity_decrease: 0.0
min_impurity_split: None
min_samples_leaf: 10
min_samples_split: 2
min_weight_fraction_leaf: 0.0
n_estimators: 500
n_jobs: -1
oob_score: False
random_state: RandomState(MT19937)
verbose: 0
warm_start: False
              precision    recall  f1-score   support

           0       0.87      0.89      0.88     26224
           1       0.93      0.83      0.88     22755
           2       0.59      0.93      0.72      2665
           3       0.86      0.94      0.90      2318

    accuracy                           0.87     53962
   macro avg       0.81      0.90      0.85     53962
weighted avg       0.88      0.87      0.87     53962

confusion matrix not normalized:
[[23355  1459  1219   191]
 [ 3124 18973   499   159]
 [  190     0  2475     0]
 [  134     4     0  2180]]
confusion matrix normalized according to the true classes:
[[0.8905964  0.05563606 0.04648414 0.0072834 ]
 [0.13728851 0.83379477 0.02192925 0.00698748]
 [0.07129456 0.         0.92870544 0.        ]
 [0.05780846 0.00172563 0.         0.94046592]]
confusion matrix normalized according to the predicted classes:
[[8.71357684e-01 7.13936191e-02 2.90722633e-01 7.54940711e-02]
 [1.16554117e-01 9.28410648e-01 1.19007870e-01 6.28458498e-02]
 [7.08875872e-03 0.00000000e+00 5.90269497e-01 0.00000000e+00]
 [4.99944036e-03 1.95733020e-04 0.00000000e+00 8.61660079e-01]]
confusion matrix normalized according to the whole population:
[[4.32804566e-01 2.70375449e-02 2.25899707e-02 3.53952782e-03]
 [5.78925911e-02 3.51599274e-01 9.24724806e-03 2.94651792e-03]
 [3.52099626e-03 0.00000000e+00 4.58656091e-02 0.00000000e+00]
 [2.48322894e-03 7.41262370e-05 0.00000000e+00 4.03987992e-02]]


idModel: 3
seed: 1595659091
overlayPath: /home/lmathy/breast_cancer_analysis/overlay
dataCubePath: /home/lmathy/breast_cancer_analysis/br20832_cores
kFoldIndicesPath: /home/lmathy/breast_cancer_analysis/matlab/histology/kFoldInd3.mat
colours: 
[[103 193  66]
 [255   0   0]
 [165  55 156]
 [243 143  53]
 [194 243 174]
 [ 69 120 236]]
peakWaveQualityTest: 1655
troughWaveQualityTest: 1760
minimumQualityTest: 0.1
maximumQualityTest: 2
noiseReductionFirst: True
methodNoiseReduction: sklearn_pca
numberPrincipalComponents: 20
inverseTransform: True

additionalParametersNoiseReduction:
random_state: RandomState(MT19937)

pcaClass informations:
copy: True
iterated_power: auto
n_components: 20
random_state: RandomState(MT19937)
svd_solver: auto
tol: 0.0
whiten: False

intervalsToSelect: 
[[1000 1350]
 [1490 1800]]
normalise: True
methodSavitzkyGolayFilter: savitzky_golay_filter
smoothingPoints: 9
orderPolynomialFit: 4

additionalParametersSavitzkyGolayFilter:
deriv: 1
mode: constant
cval: 0.0

dictionaryClassesMapping: 
{(0, 1): 0, (2, 3): 1, (4,): 2, (5,): 3}
methodClassesEqualization: random_under_sampler

additionalParametersClassesEqualization:
random_state: RandomState(MT19937)

methodFeatureSelection: None

waveNumbers:
[1000 1004 1008 1012 1016 1020 1024 1028 1032 1036 1040 1044 1048 1052
 1056 1060 1064 1068 1072 1076 1080 1084 1088 1092 1096 1100 1104 1108
 1112 1116 1120 1124 1128 1132 1136 1140 1144 1148 1152 1156 1160 1164
 1168 1172 1176 1180 1184 1188 1192 1196 1200 1204 1208 1212 1216 1220
 1224 1228 1232 1236 1240 1244 1248 1252 1256 1260 1264 1268 1272 1276
 1280 1284 1288 1292 1296 1300 1304 1308 1312 1316 1320 1324 1328 1332
 1336 1340 1344 1348 1352 1492 1496 1500 1504 1508 1512 1516 1520 1524
 1528 1532 1536 1540 1544 1548 1552 1556 1560 1564 1568 1572 1576 1580
 1584 1588 1592 1596 1600 1604 1608 1612 1616 1620 1624 1628 1632 1636
 1640 1644 1648 1652 1656 1660 1664 1668 1672 1676 1680 1684 1688 1692
 1696 1700 1704 1708 1712 1716 1720 1724 1728 1732 1736 1740 1744 1748
 1752 1756 1760 1764 1768 1772 1776 1780 1784 1788 1792 1796 1800]

model: <class 'sklearn.ensemble._forest.RandomForestClassifier'>

learning model informations:
bootstrap: True
ccp_alpha: 0.0
class_weight: None
criterion: gini
max_depth: None
max_features: 15
max_leaf_nodes: None
max_samples: None
min_impurity_decrease: 0.0
min_impurity_split: None
min_samples_leaf: 10
min_samples_split: 2
min_weight_fraction_leaf: 0.0
n_estimators: 500
n_jobs: -1
oob_score: False
random_state: RandomState(MT19937)
verbose: 0
warm_start: False
              precision    recall  f1-score   support

           0       0.88      0.93      0.90     26224
           1       0.94      0.84      0.89     22755
           2       0.72      0.95      0.82      2665
           3       0.84      0.94      0.89      2318

    accuracy                           0.89     53962
   macro avg       0.85      0.91      0.88     53962
weighted avg       0.90      0.89      0.89     53962

confusion matrix not normalized:
[[24259  1238   586   141]
 [ 2933 19154   408   260]
 [  134     0  2531     0]
 [  134     0     0  2184]]
confusion matrix normalized according to the true classes:
[[0.92506864 0.04720866 0.02234594 0.00537675]
 [0.12889475 0.84174907 0.01793013 0.01142606]
 [0.05028143 0.         0.94971857 0.        ]
 [0.05780846 0.         0.         0.94219154]]
confusion matrix normalized according to the predicted classes:
[[0.88343044 0.06071008 0.16624113 0.05454545]
 [0.10680991 0.93928992 0.11574468 0.10058027]
 [0.00487983 0.         0.71801418 0.        ]
 [0.00487983 0.         0.         0.84487427]]
confusion matrix normalized according to the whole population:
[[0.4495571  0.02294207 0.01085949 0.00261295]
 [0.05435306 0.35495349 0.00756088 0.00481821]
 [0.00248323 0.         0.04690338 0.        ]
 [0.00248323 0.         0.         0.04047293]]


idModel: 4
seed: 1595659091
overlayPath: /home/lmathy/breast_cancer_analysis/overlay
dataCubePath: /home/lmathy/breast_cancer_analysis/br20832_cores
kFoldIndicesPath: /home/lmathy/breast_cancer_analysis/matlab/histology/kFoldInd3.mat
colours: 
[[103 193  66]
 [255   0   0]
 [165  55 156]
 [243 143  53]
 [194 243 174]
 [ 69 120 236]]
peakWaveQualityTest: 1655
troughWaveQualityTest: 1760
minimumQualityTest: 0.1
maximumQualityTest: 2
noiseReductionFirst: True
methodNoiseReduction: sklearn_pca
numberPrincipalComponents: 25
inverseTransform: True

additionalParametersNoiseReduction:
random_state: RandomState(MT19937)

pcaClass informations:
copy: True
iterated_power: auto
n_components: 25
random_state: RandomState(MT19937)
svd_solver: auto
tol: 0.0
whiten: False

intervalsToSelect: 
[[1000 1350]
 [1490 1800]]
normalise: True
methodSavitzkyGolayFilter: savitzky_golay_filter
smoothingPoints: 9
orderPolynomialFit: 4

additionalParametersSavitzkyGolayFilter:
deriv: 1
mode: constant
cval: 0.0

dictionaryClassesMapping: 
{(0, 1): 0, (2, 3): 1, (4,): 2, (5,): 3}
methodClassesEqualization: random_under_sampler

additionalParametersClassesEqualization:
random_state: RandomState(MT19937)

methodFeatureSelection: None

waveNumbers:
[1000 1004 1008 1012 1016 1020 1024 1028 1032 1036 1040 1044 1048 1052
 1056 1060 1064 1068 1072 1076 1080 1084 1088 1092 1096 1100 1104 1108
 1112 1116 1120 1124 1128 1132 1136 1140 1144 1148 1152 1156 1160 1164
 1168 1172 1176 1180 1184 1188 1192 1196 1200 1204 1208 1212 1216 1220
 1224 1228 1232 1236 1240 1244 1248 1252 1256 1260 1264 1268 1272 1276
 1280 1284 1288 1292 1296 1300 1304 1308 1312 1316 1320 1324 1328 1332
 1336 1340 1344 1348 1352 1492 1496 1500 1504 1508 1512 1516 1520 1524
 1528 1532 1536 1540 1544 1548 1552 1556 1560 1564 1568 1572 1576 1580
 1584 1588 1592 1596 1600 1604 1608 1612 1616 1620 1624 1628 1632 1636
 1640 1644 1648 1652 1656 1660 1664 1668 1672 1676 1680 1684 1688 1692
 1696 1700 1704 1708 1712 1716 1720 1724 1728 1732 1736 1740 1744 1748
 1752 1756 1760 1764 1768 1772 1776 1780 1784 1788 1792 1796 1800]

model: <class 'sklearn.ensemble._forest.RandomForestClassifier'>

learning model informations:
bootstrap: True
ccp_alpha: 0.0
class_weight: None
criterion: gini
max_depth: None
max_features: 15
max_leaf_nodes: None
max_samples: None
min_impurity_decrease: 0.0
min_impurity_split: None
min_samples_leaf: 10
min_samples_split: 2
min_weight_fraction_leaf: 0.0
n_estimators: 500
n_jobs: -1
oob_score: False
random_state: RandomState(MT19937)
verbose: 0
warm_start: False
              precision    recall  f1-score   support

           0       0.89      0.94      0.91     26224
           1       0.94      0.85      0.90     22755
           2       0.73      0.94      0.82      2665
           3       0.88      0.94      0.91      2318

    accuracy                           0.90     53962
   macro avg       0.86      0.92      0.88     53962
weighted avg       0.91      0.90      0.90     53962

confusion matrix not normalized:
[[24538  1177   411    98]
 [ 2607 19403   536   209]
 [  158     0  2507     0]
 [  133     9     0  2176]]
confusion matrix normalized according to the true classes:
[[0.93570775 0.04488255 0.01567267 0.00373703]
 [0.11456823 0.85269172 0.02355526 0.00918479]
 [0.05928705 0.         0.94071295 0.        ]
 [0.05737705 0.00388266 0.         0.93874029]]
confusion matrix normalized according to the predicted classes:
[[8.94372357e-01 5.71664481e-02 1.18992472e-01 3.94683850e-02]
 [9.50211401e-02 9.42396425e-01 1.55182397e-01 8.41723721e-02]
 [5.75885698e-03 0.00000000e+00 7.25825130e-01 0.00000000e+00]
 [4.84764543e-03 4.37126621e-04 0.00000000e+00 8.76359243e-01]]
confusion matrix normalized according to the whole population:
[[4.54727401e-01 2.18116452e-02 7.61647085e-03 1.81609281e-03]
 [4.83117750e-02 3.59567844e-01 9.93291576e-03 3.87309588e-03]
 [2.92798636e-03 0.00000000e+00 4.64586190e-02 0.00000000e+00]
 [2.46469738e-03 1.66784033e-04 0.00000000e+00 4.03246729e-02]]


idModel: 5
seed: 1595659091
overlayPath: /home/lmathy/breast_cancer_analysis/overlay
dataCubePath: /home/lmathy/breast_cancer_analysis/br20832_cores
kFoldIndicesPath: /home/lmathy/breast_cancer_analysis/matlab/histology/kFoldInd3.mat
colours: 
[[103 193  66]
 [255   0   0]
 [165  55 156]
 [243 143  53]
 [194 243 174]
 [ 69 120 236]]
peakWaveQualityTest: 1655
troughWaveQualityTest: 1760
minimumQualityTest: 0.1
maximumQualityTest: 2
noiseReductionFirst: True
methodNoiseReduction: sklearn_pca
numberPrincipalComponents: 30
inverseTransform: True

additionalParametersNoiseReduction:
random_state: RandomState(MT19937)

pcaClass informations:
copy: True
iterated_power: auto
n_components: 30
random_state: RandomState(MT19937)
svd_solver: auto
tol: 0.0
whiten: False

intervalsToSelect: 
[[1000 1350]
 [1490 1800]]
normalise: True
methodSavitzkyGolayFilter: savitzky_golay_filter
smoothingPoints: 9
orderPolynomialFit: 4

additionalParametersSavitzkyGolayFilter:
deriv: 1
mode: constant
cval: 0.0

dictionaryClassesMapping: 
{(0, 1): 0, (2, 3): 1, (4,): 2, (5,): 3}
methodClassesEqualization: random_under_sampler

additionalParametersClassesEqualization:
random_state: RandomState(MT19937)

methodFeatureSelection: None

waveNumbers:
[1000 1004 1008 1012 1016 1020 1024 1028 1032 1036 1040 1044 1048 1052
 1056 1060 1064 1068 1072 1076 1080 1084 1088 1092 1096 1100 1104 1108
 1112 1116 1120 1124 1128 1132 1136 1140 1144 1148 1152 1156 1160 1164
 1168 1172 1176 1180 1184 1188 1192 1196 1200 1204 1208 1212 1216 1220
 1224 1228 1232 1236 1240 1244 1248 1252 1256 1260 1264 1268 1272 1276
 1280 1284 1288 1292 1296 1300 1304 1308 1312 1316 1320 1324 1328 1332
 1336 1340 1344 1348 1352 1492 1496 1500 1504 1508 1512 1516 1520 1524
 1528 1532 1536 1540 1544 1548 1552 1556 1560 1564 1568 1572 1576 1580
 1584 1588 1592 1596 1600 1604 1608 1612 1616 1620 1624 1628 1632 1636
 1640 1644 1648 1652 1656 1660 1664 1668 1672 1676 1680 1684 1688 1692
 1696 1700 1704 1708 1712 1716 1720 1724 1728 1732 1736 1740 1744 1748
 1752 1756 1760 1764 1768 1772 1776 1780 1784 1788 1792 1796 1800]

model: <class 'sklearn.ensemble._forest.RandomForestClassifier'>

learning model informations:
bootstrap: True
ccp_alpha: 0.0
class_weight: None
criterion: gini
max_depth: None
max_features: 15
max_leaf_nodes: None
max_samples: None
min_impurity_decrease: 0.0
min_impurity_split: None
min_samples_leaf: 10
min_samples_split: 2
min_weight_fraction_leaf: 0.0
n_estimators: 500
n_jobs: -1
oob_score: False
random_state: RandomState(MT19937)
verbose: 0
warm_start: False
              precision    recall  f1-score   support

           0       0.88      0.94      0.91     26224
           1       0.93      0.84      0.89     22755
           2       0.79      0.95      0.86      2665
           3       0.88      0.93      0.90      2318

    accuracy                           0.90     53962
   macro avg       0.87      0.92      0.89     53962
weighted avg       0.90      0.90      0.90     53962

confusion matrix not normalized:
[[24534  1312   298    80]
 [ 2991 19164   372   228]
 [  127     0  2538     0]
 [  137    21     0  2160]]
confusion matrix normalized according to the true classes:
[[0.93555522 0.05003051 0.01136364 0.00305064]
 [0.13144364 0.84218853 0.01634806 0.01001978]
 [0.04765478 0.         0.95234522 0.        ]
 [0.05910267 0.00905953 0.         0.93183779]]
confusion matrix normalized according to the predicted classes:
[[0.88286732 0.06400937 0.09289277 0.03241491]
 [0.10763252 0.93496609 0.1159601  0.0923825 ]
 [0.00457015 0.         0.79114713 0.        ]
 [0.00493001 0.00102454 0.         0.87520259]]
confusion matrix normalized according to the whole population:
[[4.54653275e-01 2.43134057e-02 5.52240466e-03 1.48252474e-03]
 [5.54278937e-02 3.55138801e-01 6.89374004e-03 4.22519551e-03]
 [2.35350802e-03 0.00000000e+00 4.70330974e-02 0.00000000e+00]
 [2.53882362e-03 3.89162744e-04 0.00000000e+00 4.00281680e-02]]


idModel: 6
seed: 1595659091
overlayPath: /home/lmathy/breast_cancer_analysis/overlay
dataCubePath: /home/lmathy/breast_cancer_analysis/br20832_cores
kFoldIndicesPath: /home/lmathy/breast_cancer_analysis/matlab/histology/kFoldInd3.mat
colours: 
[[103 193  66]
 [255   0   0]
 [165  55 156]
 [243 143  53]
 [194 243 174]
 [ 69 120 236]]
peakWaveQualityTest: 1655
troughWaveQualityTest: 1760
minimumQualityTest: 0.1
maximumQualityTest: 2
noiseReductionFirst: True
methodNoiseReduction: sklearn_pca
numberPrincipalComponents: 35
inverseTransform: True

additionalParametersNoiseReduction:
random_state: RandomState(MT19937)

pcaClass informations:
copy: True
iterated_power: auto
n_components: 35
random_state: RandomState(MT19937)
svd_solver: auto
tol: 0.0
whiten: False

intervalsToSelect: 
[[1000 1350]
 [1490 1800]]
normalise: True
methodSavitzkyGolayFilter: savitzky_golay_filter
smoothingPoints: 9
orderPolynomialFit: 4

additionalParametersSavitzkyGolayFilter:
deriv: 1
mode: constant
cval: 0.0

dictionaryClassesMapping: 
{(0, 1): 0, (2, 3): 1, (4,): 2, (5,): 3}
methodClassesEqualization: random_under_sampler

additionalParametersClassesEqualization:
random_state: RandomState(MT19937)

methodFeatureSelection: None

waveNumbers:
[1000 1004 1008 1012 1016 1020 1024 1028 1032 1036 1040 1044 1048 1052
 1056 1060 1064 1068 1072 1076 1080 1084 1088 1092 1096 1100 1104 1108
 1112 1116 1120 1124 1128 1132 1136 1140 1144 1148 1152 1156 1160 1164
 1168 1172 1176 1180 1184 1188 1192 1196 1200 1204 1208 1212 1216 1220
 1224 1228 1232 1236 1240 1244 1248 1252 1256 1260 1264 1268 1272 1276
 1280 1284 1288 1292 1296 1300 1304 1308 1312 1316 1320 1324 1328 1332
 1336 1340 1344 1348 1352 1492 1496 1500 1504 1508 1512 1516 1520 1524
 1528 1532 1536 1540 1544 1548 1552 1556 1560 1564 1568 1572 1576 1580
 1584 1588 1592 1596 1600 1604 1608 1612 1616 1620 1624 1628 1632 1636
 1640 1644 1648 1652 1656 1660 1664 1668 1672 1676 1680 1684 1688 1692
 1696 1700 1704 1708 1712 1716 1720 1724 1728 1732 1736 1740 1744 1748
 1752 1756 1760 1764 1768 1772 1776 1780 1784 1788 1792 1796 1800]

model: <class 'sklearn.ensemble._forest.RandomForestClassifier'>

learning model informations:
bootstrap: True
ccp_alpha: 0.0
class_weight: None
criterion: gini
max_depth: None
max_features: 15
max_leaf_nodes: None
max_samples: None
min_impurity_decrease: 0.0
min_impurity_split: None
min_samples_leaf: 10
min_samples_split: 2
min_weight_fraction_leaf: 0.0
n_estimators: 500
n_jobs: -1
oob_score: False
random_state: RandomState(MT19937)
verbose: 0
warm_start: False
              precision    recall  f1-score   support

           0       0.88      0.94      0.91     26224
           1       0.93      0.85      0.89     22755
           2       0.83      0.92      0.87      2665
           3       0.90      0.92      0.91      2318

    accuracy                           0.90     53962
   macro avg       0.89      0.91      0.90     53962
weighted avg       0.90      0.90      0.90     53962

confusion matrix not normalized:
[[24650  1379   147    48]
 [ 2966 19252   359   178]
 [  203     0  2462     0]
 [  162    12     0  2144]]
confusion matrix normalized according to the true classes:
[[0.93997865 0.05258542 0.00560555 0.00183038]
 [0.13034498 0.84605581 0.01577675 0.00782246]
 [0.07617261 0.         0.92382739 0.        ]
 [0.06988783 0.00517688 0.         0.92493529]]
confusion matrix normalized according to the predicted classes:
[[8.80954934e-01 6.68023059e-02 4.95283019e-02 2.02531646e-02]
 [1.06000500e-01 9.32616383e-01 1.20956873e-01 7.51054852e-02]
 [7.25492298e-03 0.00000000e+00 8.29514825e-01 0.00000000e+00]
 [5.78964297e-03 5.81310856e-04 0.00000000e+00 9.04641350e-01]]
confusion matrix normalized according to the whole population:
[[4.56802935e-01 2.55550202e-02 2.72413921e-03 8.89514844e-04]
 [5.49646047e-02 3.56769579e-01 6.65282977e-03 3.29861755e-03]
 [3.76190653e-03 0.00000000e+00 4.56246989e-02 0.00000000e+00]
 [3.00211260e-03 2.22378711e-04 0.00000000e+00 3.97316630e-02]]


idModel: 7
seed: 1595659091
overlayPath: /home/lmathy/breast_cancer_analysis/overlay
dataCubePath: /home/lmathy/breast_cancer_analysis/br20832_cores
kFoldIndicesPath: /home/lmathy/breast_cancer_analysis/matlab/histology/kFoldInd3.mat
colours: 
[[103 193  66]
 [255   0   0]
 [165  55 156]
 [243 143  53]
 [194 243 174]
 [ 69 120 236]]
peakWaveQualityTest: 1655
troughWaveQualityTest: 1760
minimumQualityTest: 0.1
maximumQualityTest: 2
noiseReductionFirst: True
methodNoiseReduction: sklearn_pca
numberPrincipalComponents: 40
inverseTransform: True

additionalParametersNoiseReduction:
random_state: RandomState(MT19937)

pcaClass informations:
copy: True
iterated_power: auto
n_components: 40
random_state: RandomState(MT19937)
svd_solver: auto
tol: 0.0
whiten: False

intervalsToSelect: 
[[1000 1350]
 [1490 1800]]
normalise: True
methodSavitzkyGolayFilter: savitzky_golay_filter
smoothingPoints: 9
orderPolynomialFit: 4

additionalParametersSavitzkyGolayFilter:
deriv: 1
mode: constant
cval: 0.0

dictionaryClassesMapping: 
{(0, 1): 0, (2, 3): 1, (4,): 2, (5,): 3}
methodClassesEqualization: random_under_sampler

additionalParametersClassesEqualization:
random_state: RandomState(MT19937)

methodFeatureSelection: None

waveNumbers:
[1000 1004 1008 1012 1016 1020 1024 1028 1032 1036 1040 1044 1048 1052
 1056 1060 1064 1068 1072 1076 1080 1084 1088 1092 1096 1100 1104 1108
 1112 1116 1120 1124 1128 1132 1136 1140 1144 1148 1152 1156 1160 1164
 1168 1172 1176 1180 1184 1188 1192 1196 1200 1204 1208 1212 1216 1220
 1224 1228 1232 1236 1240 1244 1248 1252 1256 1260 1264 1268 1272 1276
 1280 1284 1288 1292 1296 1300 1304 1308 1312 1316 1320 1324 1328 1332
 1336 1340 1344 1348 1352 1492 1496 1500 1504 1508 1512 1516 1520 1524
 1528 1532 1536 1540 1544 1548 1552 1556 1560 1564 1568 1572 1576 1580
 1584 1588 1592 1596 1600 1604 1608 1612 1616 1620 1624 1628 1632 1636
 1640 1644 1648 1652 1656 1660 1664 1668 1672 1676 1680 1684 1688 1692
 1696 1700 1704 1708 1712 1716 1720 1724 1728 1732 1736 1740 1744 1748
 1752 1756 1760 1764 1768 1772 1776 1780 1784 1788 1792 1796 1800]

model: <class 'sklearn.ensemble._forest.RandomForestClassifier'>

learning model informations:
bootstrap: True
ccp_alpha: 0.0
class_weight: None
criterion: gini
max_depth: None
max_features: 15
max_leaf_nodes: None
max_samples: None
min_impurity_decrease: 0.0
min_impurity_split: None
min_samples_leaf: 10
min_samples_split: 2
min_weight_fraction_leaf: 0.0
n_estimators: 500
n_jobs: -1
oob_score: False
random_state: RandomState(MT19937)
verbose: 0
warm_start: False
              precision    recall  f1-score   support

           0       0.88      0.94      0.91     26224
           1       0.93      0.84      0.88     22755
           2       0.84      0.92      0.88      2665
           3       0.91      0.93      0.92      2318

    accuracy                           0.90     53962
   macro avg       0.89      0.91      0.90     53962
weighted avg       0.90      0.90      0.90     53962

confusion matrix not normalized:
[[24757  1279   143    45]
 [ 3191 19092   306   166]
 [  223     0  2442     0]
 [  104    61     0  2153]]
confusion matrix normalized according to the true classes:
[[0.94405888 0.04877212 0.00545302 0.00171599]
 [0.14023292 0.83902439 0.01344759 0.0072951 ]
 [0.0836773  0.         0.9163227  0.        ]
 [0.04486626 0.02631579 0.         0.92881795]]
confusion matrix normalized according to the predicted classes:
[[0.87557913 0.06259789 0.04946385 0.01903553]
 [0.11285588 0.9344166  0.10584573 0.07021997]
 [0.00788683 0.         0.84469042 0.        ]
 [0.00367816 0.00298551 0.         0.9107445 ]]
confusion matrix normalized according to the whole population:
[[0.45878581 0.02370186 0.00265001 0.00083392]
 [0.05913421 0.35380453 0.00567066 0.00307624]
 [0.00413254 0.         0.04525407 0.        ]
 [0.00192728 0.00113043 0.         0.03989845]]


idModel: 8
seed: 1595659091
overlayPath: /home/lmathy/breast_cancer_analysis/overlay
dataCubePath: /home/lmathy/breast_cancer_analysis/br20832_cores
kFoldIndicesPath: /home/lmathy/breast_cancer_analysis/matlab/histology/kFoldInd3.mat
colours: 
[[103 193  66]
 [255   0   0]
 [165  55 156]
 [243 143  53]
 [194 243 174]
 [ 69 120 236]]
peakWaveQualityTest: 1655
troughWaveQualityTest: 1760
minimumQualityTest: 0.1
maximumQualityTest: 2
noiseReductionFirst: True
methodNoiseReduction: sklearn_pca
numberPrincipalComponents: 45
inverseTransform: True

additionalParametersNoiseReduction:
random_state: RandomState(MT19937)

pcaClass informations:
copy: True
iterated_power: auto
n_components: 45
random_state: RandomState(MT19937)
svd_solver: auto
tol: 0.0
whiten: False

intervalsToSelect: 
[[1000 1350]
 [1490 1800]]
normalise: True
methodSavitzkyGolayFilter: savitzky_golay_filter
smoothingPoints: 9
orderPolynomialFit: 4

additionalParametersSavitzkyGolayFilter:
deriv: 1
mode: constant
cval: 0.0

dictionaryClassesMapping: 
{(0, 1): 0, (2, 3): 1, (4,): 2, (5,): 3}
methodClassesEqualization: random_under_sampler

additionalParametersClassesEqualization:
random_state: RandomState(MT19937)

methodFeatureSelection: None

waveNumbers:
[1000 1004 1008 1012 1016 1020 1024 1028 1032 1036 1040 1044 1048 1052
 1056 1060 1064 1068 1072 1076 1080 1084 1088 1092 1096 1100 1104 1108
 1112 1116 1120 1124 1128 1132 1136 1140 1144 1148 1152 1156 1160 1164
 1168 1172 1176 1180 1184 1188 1192 1196 1200 1204 1208 1212 1216 1220
 1224 1228 1232 1236 1240 1244 1248 1252 1256 1260 1264 1268 1272 1276
 1280 1284 1288 1292 1296 1300 1304 1308 1312 1316 1320 1324 1328 1332
 1336 1340 1344 1348 1352 1492 1496 1500 1504 1508 1512 1516 1520 1524
 1528 1532 1536 1540 1544 1548 1552 1556 1560 1564 1568 1572 1576 1580
 1584 1588 1592 1596 1600 1604 1608 1612 1616 1620 1624 1628 1632 1636
 1640 1644 1648 1652 1656 1660 1664 1668 1672 1676 1680 1684 1688 1692
 1696 1700 1704 1708 1712 1716 1720 1724 1728 1732 1736 1740 1744 1748
 1752 1756 1760 1764 1768 1772 1776 1780 1784 1788 1792 1796 1800]

model: <class 'sklearn.ensemble._forest.RandomForestClassifier'>

learning model informations:
bootstrap: True
ccp_alpha: 0.0
class_weight: None
criterion: gini
max_depth: None
max_features: 15
max_leaf_nodes: None
max_samples: None
min_impurity_decrease: 0.0
min_impurity_split: None
min_samples_leaf: 10
min_samples_split: 2
min_weight_fraction_leaf: 0.0
n_estimators: 500
n_jobs: -1
oob_score: False
random_state: RandomState(MT19937)
verbose: 0
warm_start: False
              precision    recall  f1-score   support

           0       0.87      0.94      0.91     26224
           1       0.93      0.84      0.88     22755
           2       0.83      0.90      0.87      2665
           3       0.94      0.92      0.93      2318

    accuracy                           0.90     53962
   macro avg       0.89      0.90      0.90     53962
weighted avg       0.90      0.90      0.89     53962

confusion matrix not normalized:
[[24765  1304   138    17]
 [ 3272 19007   345   131]
 [  265     0  2400     0]
 [  148    36     0  2134]]
confusion matrix normalized according to the true classes:
[[9.44363941e-01 4.97254423e-02 5.26235509e-03 6.48261135e-04]
 [1.43792573e-01 8.35288947e-01 1.51615030e-02 5.75697649e-03]
 [9.94371482e-02 0.00000000e+00 9.00562852e-01 0.00000000e+00]
 [6.38481450e-02 1.55306299e-02 0.00000000e+00 9.20621225e-01]]
confusion matrix normalized according to the predicted classes:
[[0.87047452 0.06408807 0.04786681 0.00744961]
 [0.11500879 0.93414263 0.11966701 0.05740578]
 [0.00931459 0.         0.83246618 0.        ]
 [0.00520211 0.0017693  0.         0.93514461]]
confusion matrix normalized according to the whole population:
[[4.58934065e-01 2.41651533e-02 2.55735518e-03 3.15036507e-04]
 [6.06352619e-02 3.52229347e-01 6.39338794e-03 2.42763426e-03]
 [4.91086320e-03 0.00000000e+00 4.44757422e-02 0.00000000e+00]
 [2.74267077e-03 6.67136133e-04 0.00000000e+00 3.95463474e-02]]


idModel: 9
seed: 1595659091
overlayPath: /home/lmathy/breast_cancer_analysis/overlay
dataCubePath: /home/lmathy/breast_cancer_analysis/br20832_cores
kFoldIndicesPath: /home/lmathy/breast_cancer_analysis/matlab/histology/kFoldInd3.mat
colours: 
[[103 193  66]
 [255   0   0]
 [165  55 156]
 [243 143  53]
 [194 243 174]
 [ 69 120 236]]
peakWaveQualityTest: 1655
troughWaveQualityTest: 1760
minimumQualityTest: 0.1
maximumQualityTest: 2
noiseReductionFirst: True
methodNoiseReduction: sklearn_pca
numberPrincipalComponents: 50
inverseTransform: True

additionalParametersNoiseReduction:
random_state: RandomState(MT19937)

pcaClass informations:
copy: True
iterated_power: auto
n_components: 50
random_state: RandomState(MT19937)
svd_solver: auto
tol: 0.0
whiten: False

intervalsToSelect: 
[[1000 1350]
 [1490 1800]]
normalise: True
methodSavitzkyGolayFilter: savitzky_golay_filter
smoothingPoints: 9
orderPolynomialFit: 4

additionalParametersSavitzkyGolayFilter:
deriv: 1
mode: constant
cval: 0.0

dictionaryClassesMapping: 
{(0, 1): 0, (2, 3): 1, (4,): 2, (5,): 3}
methodClassesEqualization: random_under_sampler

additionalParametersClassesEqualization:
random_state: RandomState(MT19937)

methodFeatureSelection: None

waveNumbers:
[1000 1004 1008 1012 1016 1020 1024 1028 1032 1036 1040 1044 1048 1052
 1056 1060 1064 1068 1072 1076 1080 1084 1088 1092 1096 1100 1104 1108
 1112 1116 1120 1124 1128 1132 1136 1140 1144 1148 1152 1156 1160 1164
 1168 1172 1176 1180 1184 1188 1192 1196 1200 1204 1208 1212 1216 1220
 1224 1228 1232 1236 1240 1244 1248 1252 1256 1260 1264 1268 1272 1276
 1280 1284 1288 1292 1296 1300 1304 1308 1312 1316 1320 1324 1328 1332
 1336 1340 1344 1348 1352 1492 1496 1500 1504 1508 1512 1516 1520 1524
 1528 1532 1536 1540 1544 1548 1552 1556 1560 1564 1568 1572 1576 1580
 1584 1588 1592 1596 1600 1604 1608 1612 1616 1620 1624 1628 1632 1636
 1640 1644 1648 1652 1656 1660 1664 1668 1672 1676 1680 1684 1688 1692
 1696 1700 1704 1708 1712 1716 1720 1724 1728 1732 1736 1740 1744 1748
 1752 1756 1760 1764 1768 1772 1776 1780 1784 1788 1792 1796 1800]

model: <class 'sklearn.ensemble._forest.RandomForestClassifier'>

learning model informations:
bootstrap: True
ccp_alpha: 0.0
class_weight: None
criterion: gini
max_depth: None
max_features: 15
max_leaf_nodes: None
max_samples: None
min_impurity_decrease: 0.0
min_impurity_split: None
min_samples_leaf: 10
min_samples_split: 2
min_weight_fraction_leaf: 0.0
n_estimators: 500
n_jobs: -1
oob_score: False
random_state: RandomState(MT19937)
verbose: 0
warm_start: False
              precision    recall  f1-score   support

           0       0.85      0.95      0.89     26224
           1       0.94      0.81      0.87     22755
           2       0.83      0.88      0.85      2665
           3       0.91      0.92      0.92      2318

    accuracy                           0.88     53962
   macro avg       0.88      0.89      0.88     53962
weighted avg       0.89      0.88      0.88     53962

confusion matrix not normalized:
[[24803  1174   209    38]
 [ 3895 18424   273   163]
 [  330     0  2335     0]
 [  177     9     0  2132]]
confusion matrix normalized according to the true classes:
[[0.945813   0.04476815 0.0079698  0.00144905]
 [0.17117117 0.8096682  0.01199736 0.00716326]
 [0.12382739 0.         0.87617261 0.        ]
 [0.07635893 0.00388266 0.         0.91975841]]
confusion matrix normalized according to the predicted classes:
[[8.49272385e-01 5.98765747e-02 7.41924033e-02 1.62880411e-02]
 [1.33367574e-01 9.39664406e-01 9.69116081e-02 6.98671239e-02]
 [1.12994350e-02 0.00000000e+00 8.28895989e-01 0.00000000e+00]
 [6.06060606e-03 4.59019738e-04 0.00000000e+00 9.13844835e-01]]
confusion matrix normalized according to the whole population:
[[4.59638264e-01 2.17560506e-02 3.87309588e-03 7.04199251e-04]
 [7.21804233e-02 3.41425448e-01 5.05911567e-03 3.02064416e-03]
 [6.11541455e-03 0.00000000e+00 4.32711908e-02 0.00000000e+00]
 [3.28008599e-03 1.66784033e-04 0.00000000e+00 3.95092843e-02]]


idModel: 10
seed: 1595659091
overlayPath: /home/lmathy/breast_cancer_analysis/overlay
dataCubePath: /home/lmathy/breast_cancer_analysis/br20832_cores
kFoldIndicesPath: /home/lmathy/breast_cancer_analysis/matlab/histology/kFoldInd3.mat
colours: 
[[103 193  66]
