idModel: 200
seed: 1609720710
overlayPath: /home/lmathy/breast_cancer_analysis/overlay
dataCubePath: /home/lmathy/breast_cancer_analysis/br20832_cores
kFoldIndicesPath: /home/lmathy/breast_cancer_analysis/matlab/histology/kFoldInd3.mat
colours: 
[[103 193  66]
 [255   0   0]
 [165  55 156]
 [243 143  53]
 [194 243 174]
 [ 69 120 236]]
peakWaveQualityTest: 1655
troughWaveQualityTest: 1760
minimumQualityTest: 0.1
maximumQualityTest: 2
makeQualityTestTrainingSet: True
makeQualityTestTestSet: True
noiseReductionFirst: True
methodNoiseReduction: None
numberPrincipalComponents: 35
inverseTransform: True

additionalParametersNoiseReduction:

pcaClass informations: None

intervalsToSelect: 
None
normalise: False
methodSavitzkyGolayFilter: savitzky_golay_filter
smoothingPoints: 13
orderPolynomialFit: 4

additionalParametersSavitzkyGolayFilter:
deriv: 2
mode: constant
cval: 0.0

dictionaryClassesMapping: 
{(0, 1): 0, (2, 3): 1, (4,): 2, (5,): 3}
methodClassesEqualization: None

additionalParametersClassesEqualization:

methodFeatureSelection: None

waveNumbers:
[ 912  916  920  924  928  932  936  940  944  948  952  956  960  964
  968  972  976  980  984  988  992  996 1000 1004 1008 1012 1016 1020
 1024 1028 1032 1036 1040 1044 1048 1052 1056 1060 1064 1068 1072 1076
 1080 1084 1088 1092 1096 1100 1104 1108 1112 1116 1120 1124 1128 1132
 1136 1140 1144 1148 1152 1156 1160 1164 1168 1172 1176 1180 1184 1188
 1192 1196 1200 1204 1208 1212 1216 1220 1224 1228 1232 1236 1240 1244
 1248 1252 1256 1260 1264 1268 1272 1276 1280 1284 1288 1292 1296 1300
 1304 1308 1312 1316 1320 1324 1328 1332 1336 1340 1344 1348 1352 1356
 1360 1364 1368 1372 1376 1380 1384 1388 1392 1396 1400 1404 1408 1412
 1416 1420 1424 1428 1432 1436 1440 1444 1448 1452 1456 1460 1464 1468
 1472 1476 1480 1484 1488 1492 1496 1500 1504 1508 1512 1516 1520 1524
 1528 1532 1536 1540 1544 1548 1552 1556 1560 1564 1568 1572 1576 1580
 1584 1588 1592 1596 1600 1604 1608 1612 1616 1620 1624 1628 1632 1636
 1640 1644 1648 1652 1656 1660 1664 1668 1672 1676 1680 1684 1688 1692
 1696 1700 1704 1708 1712 1716 1720 1724 1728 1732 1736 1740 1744 1748
 1752 1756 1760 1764 1768 1772 1776 1780 1784 1788 1792 1796 1800]

model: <class 'imblearn.ensemble._forest.BalancedRandomForestClassifier'>

learning model informations:
bootstrap: True
ccp_alpha: 0.0
class_weight: None
criterion: gini
max_depth: None
max_features: sqrt
max_leaf_nodes: None
max_samples: None
min_impurity_decrease: 0.0
min_samples_leaf: 10
min_samples_split: 2
min_weight_fraction_leaf: 0.0
n_estimators: 1
n_jobs: -1
oob_score: False
random_state: RandomState(MT19937)
replacement: False
sampling_strategy: auto
verbose: 0
warm_start: False

widthSubwindow: 1
heightSubwindow: 1
methodSubwindow: None

class distribution after potential subwindows creations:
class number: 0, number elements: 145386
class number: 1, number elements: 88205
class number: 2, number elements: 1766
class number: 3, number elements: 25382
total number elements: 260739

makeMirrors: True
makeRotations: True

              precision    recall  f1-score   support

           0       0.88      0.78      0.82     26224
           1       0.86      0.82      0.84     22755
           2       0.50      0.96      0.66      2665
           3       0.56      0.92      0.70      2318

    accuracy                           0.81     53962
   macro avg       0.70      0.87      0.76     53962
weighted avg       0.84      0.81      0.82     53962

confusion matrix not normalized:
[[20417  2970  1973   864]
 [ 2676 18769   524   786]
 [   78    24  2552    11]
 [  155    37     5  2121]]
confusion matrix normalized according to the true classes:
[[0.77856162 0.11325503 0.07523642 0.03294692]
 [0.11760053 0.82482971 0.02302791 0.03454186]
 [0.02926829 0.00900563 0.9575985  0.00412758]
 [0.06686799 0.01596204 0.00215703 0.91501294]]
confusion matrix normalized according to the predicted classes:
[[0.87528938 0.13623853 0.39038385 0.22845056]
 [0.11472177 0.8609633  0.10368025 0.20782655]
 [0.00334391 0.00110092 0.50494658 0.00290851]
 [0.00664495 0.00169725 0.00098932 0.56081438]]
confusion matrix normalized according to the whole population:
[[3.78358845e-01 5.50387310e-02 3.65627664e-02 1.60112672e-02]
 [4.95904525e-02 3.47818835e-01 9.71053704e-03 1.45658056e-02]
 [1.44546162e-03 4.44757422e-04 4.72925392e-02 2.03847152e-04]
 [2.87239168e-03 6.85667692e-04 9.26577962e-05 3.93054372e-02]]


idModel: 201
seed: 1609720710
overlayPath: /home/lmathy/breast_cancer_analysis/overlay
dataCubePath: /home/lmathy/breast_cancer_analysis/br20832_cores
kFoldIndicesPath: /home/lmathy/breast_cancer_analysis/matlab/histology/kFoldInd3.mat
colours: 
[[103 193  66]
 [255   0   0]
 [165  55 156]
 [243 143  53]
 [194 243 174]
 [ 69 120 236]]
peakWaveQualityTest: 1655
troughWaveQualityTest: 1760
minimumQualityTest: 0.1
maximumQualityTest: 2
makeQualityTestTrainingSet: True
makeQualityTestTestSet: True
noiseReductionFirst: True
methodNoiseReduction: None
numberPrincipalComponents: 35
inverseTransform: True

additionalParametersNoiseReduction:

pcaClass informations: None

intervalsToSelect: 
None
normalise: False
methodSavitzkyGolayFilter: savitzky_golay_filter
smoothingPoints: 13
orderPolynomialFit: 4

additionalParametersSavitzkyGolayFilter:
deriv: 2
mode: constant
cval: 0.0

dictionaryClassesMapping: 
{(0, 1): 0, (2, 3): 1, (4,): 2, (5,): 3}
methodClassesEqualization: None

additionalParametersClassesEqualization:

methodFeatureSelection: None

waveNumbers:
[ 912  916  920  924  928  932  936  940  944  948  952  956  960  964
  968  972  976  980  984  988  992  996 1000 1004 1008 1012 1016 1020
 1024 1028 1032 1036 1040 1044 1048 1052 1056 1060 1064 1068 1072 1076
 1080 1084 1088 1092 1096 1100 1104 1108 1112 1116 1120 1124 1128 1132
 1136 1140 1144 1148 1152 1156 1160 1164 1168 1172 1176 1180 1184 1188
 1192 1196 1200 1204 1208 1212 1216 1220 1224 1228 1232 1236 1240 1244
 1248 1252 1256 1260 1264 1268 1272 1276 1280 1284 1288 1292 1296 1300
 1304 1308 1312 1316 1320 1324 1328 1332 1336 1340 1344 1348 1352 1356
 1360 1364 1368 1372 1376 1380 1384 1388 1392 1396 1400 1404 1408 1412
 1416 1420 1424 1428 1432 1436 1440 1444 1448 1452 1456 1460 1464 1468
 1472 1476 1480 1484 1488 1492 1496 1500 1504 1508 1512 1516 1520 1524
 1528 1532 1536 1540 1544 1548 1552 1556 1560 1564 1568 1572 1576 1580
 1584 1588 1592 1596 1600 1604 1608 1612 1616 1620 1624 1628 1632 1636
 1640 1644 1648 1652 1656 1660 1664 1668 1672 1676 1680 1684 1688 1692
 1696 1700 1704 1708 1712 1716 1720 1724 1728 1732 1736 1740 1744 1748
 1752 1756 1760 1764 1768 1772 1776 1780 1784 1788 1792 1796 1800]

model: <class 'imblearn.ensemble._forest.BalancedRandomForestClassifier'>

learning model informations:
bootstrap: True
ccp_alpha: 0.0
class_weight: None
criterion: gini
max_depth: None
max_features: sqrt
max_leaf_nodes: None
max_samples: None
min_impurity_decrease: 0.0
min_samples_leaf: 10
min_samples_split: 2
min_weight_fraction_leaf: 0.0
n_estimators: 2
n_jobs: -1
oob_score: False
random_state: RandomState(MT19937)
replacement: False
sampling_strategy: auto
verbose: 0
warm_start: False

widthSubwindow: 1
heightSubwindow: 1
methodSubwindow: None

class distribution after potential subwindows creations:
class number: 0, number elements: 145386
class number: 1, number elements: 88205
class number: 2, number elements: 1766
class number: 3, number elements: 25382
total number elements: 260739

makeMirrors: True
makeRotations: True

              precision    recall  f1-score   support

           0       0.88      0.91      0.90     26224
           1       0.91      0.80      0.85     22755
           2       0.69      0.81      0.75      2665
           3       0.56      0.91      0.69      2318

    accuracy                           0.86     53962
   macro avg       0.76      0.86      0.80     53962
weighted avg       0.87      0.86      0.86     53962

confusion matrix not normalized:
[[23876  1605   228   515]
 [ 3005 18148   607   995]
 [  110   215  2158   182]
 [   40    36   123  2119]]
confusion matrix normalized according to the true classes:
[[0.9104637  0.06120348 0.00869433 0.0196385 ]
 [0.13205889 0.797539   0.02667546 0.04372665]
 [0.0412758  0.08067542 0.8097561  0.06829268]
 [0.01725626 0.01553063 0.05306299 0.91415013]]
confusion matrix normalized according to the predicted classes:
[[0.88328216 0.08023395 0.07317073 0.13513514]
 [0.11116866 0.90721856 0.19480103 0.26108633]
 [0.0040694  0.01074785 0.69255456 0.04775649]
 [0.00147978 0.00179964 0.03947368 0.55602204]]
confusion matrix normalized according to the whole population:
[[0.44245951 0.02974315 0.0042252  0.00954375]
 [0.05568734 0.33631074 0.01124866 0.0184389 ]
 [0.00203847 0.00398429 0.0399911  0.00337274]
 [0.00074126 0.00066714 0.00227938 0.03926837]]


idModel: 202
seed: 1609720710
overlayPath: /home/lmathy/breast_cancer_analysis/overlay
dataCubePath: /home/lmathy/breast_cancer_analysis/br20832_cores
kFoldIndicesPath: /home/lmathy/breast_cancer_analysis/matlab/histology/kFoldInd3.mat
colours: 
[[103 193  66]
 [255   0   0]
 [165  55 156]
 [243 143  53]
 [194 243 174]
 [ 69 120 236]]
peakWaveQualityTest: 1655
troughWaveQualityTest: 1760
minimumQualityTest: 0.1
maximumQualityTest: 2
makeQualityTestTrainingSet: True
makeQualityTestTestSet: True
noiseReductionFirst: True
methodNoiseReduction: None
numberPrincipalComponents: 35
inverseTransform: True

additionalParametersNoiseReduction:

pcaClass informations: None

intervalsToSelect: 
None
normalise: False
methodSavitzkyGolayFilter: savitzky_golay_filter
smoothingPoints: 13
orderPolynomialFit: 4

additionalParametersSavitzkyGolayFilter:
deriv: 2
mode: constant
cval: 0.0

dictionaryClassesMapping: 
{(0, 1): 0, (2, 3): 1, (4,): 2, (5,): 3}
methodClassesEqualization: None

additionalParametersClassesEqualization:

methodFeatureSelection: None

waveNumbers:
[ 912  916  920  924  928  932  936  940  944  948  952  956  960  964
  968  972  976  980  984  988  992  996 1000 1004 1008 1012 1016 1020
 1024 1028 1032 1036 1040 1044 1048 1052 1056 1060 1064 1068 1072 1076
 1080 1084 1088 1092 1096 1100 1104 1108 1112 1116 1120 1124 1128 1132
 1136 1140 1144 1148 1152 1156 1160 1164 1168 1172 1176 1180 1184 1188
 1192 1196 1200 1204 1208 1212 1216 1220 1224 1228 1232 1236 1240 1244
 1248 1252 1256 1260 1264 1268 1272 1276 1280 1284 1288 1292 1296 1300
 1304 1308 1312 1316 1320 1324 1328 1332 1336 1340 1344 1348 1352 1356
 1360 1364 1368 1372 1376 1380 1384 1388 1392 1396 1400 1404 1408 1412
 1416 1420 1424 1428 1432 1436 1440 1444 1448 1452 1456 1460 1464 1468
 1472 1476 1480 1484 1488 1492 1496 1500 1504 1508 1512 1516 1520 1524
 1528 1532 1536 1540 1544 1548 1552 1556 1560 1564 1568 1572 1576 1580
 1584 1588 1592 1596 1600 1604 1608 1612 1616 1620 1624 1628 1632 1636
 1640 1644 1648 1652 1656 1660 1664 1668 1672 1676 1680 1684 1688 1692
 1696 1700 1704 1708 1712 1716 1720 1724 1728 1732 1736 1740 1744 1748
 1752 1756 1760 1764 1768 1772 1776 1780 1784 1788 1792 1796 1800]

model: <class 'imblearn.ensemble._forest.BalancedRandomForestClassifier'>

learning model informations:
bootstrap: True
ccp_alpha: 0.0
class_weight: None
criterion: gini
max_depth: None
max_features: sqrt
max_leaf_nodes: None
max_samples: None
min_impurity_decrease: 0.0
min_samples_leaf: 10
min_samples_split: 2
min_weight_fraction_leaf: 0.0
n_estimators: 3
n_jobs: -1
oob_score: False
random_state: RandomState(MT19937)
replacement: False
sampling_strategy: auto
verbose: 0
warm_start: False

widthSubwindow: 1
heightSubwindow: 1
methodSubwindow: None

class distribution after potential subwindows creations:
class number: 0, number elements: 145386
class number: 1, number elements: 88205
class number: 2, number elements: 1766
class number: 3, number elements: 25382
total number elements: 260739

makeMirrors: True
makeRotations: True

              precision    recall  f1-score   support

           0       0.92      0.93      0.92     26224
           1       0.94      0.87      0.90     22755
           2       0.73      0.97      0.83      2665
           3       0.76      0.89      0.82      2318

    accuracy                           0.90     53962
   macro avg       0.84      0.91      0.87     53962
weighted avg       0.91      0.90      0.90     53962

confusion matrix not normalized:
[[24368  1296   243   317]
 [ 2129 19779   502   345]
 [   87     0  2575     3]
 [   21    50   191  2056]]
confusion matrix normalized according to the true classes:
[[0.92922514 0.04942038 0.00926632 0.01208816]
 [0.09356185 0.86921556 0.02206109 0.0151615 ]
 [0.0326454  0.         0.96622889 0.0011257 ]
 [0.00905953 0.02157032 0.08239862 0.88697153]]
confusion matrix normalized according to the predicted classes:
[[9.15918061e-01 6.13491124e-02 6.92110510e-02 1.16501286e-01]
 [8.00225522e-02 9.36284024e-01 1.42979208e-01 1.26791621e-01]
 [3.27006202e-03 0.00000000e+00 7.33409285e-01 1.10253583e-03]
 [7.89325315e-04 2.36686391e-03 5.44004557e-02 7.55604557e-01]]
confusion matrix normalized according to the whole population:
[[4.51577036e-01 2.40169008e-02 4.50316890e-03 5.87450428e-03]
 [3.94536896e-02 3.66535710e-01 9.30284274e-03 6.39338794e-03]
 [1.61224565e-03 0.00000000e+00 4.77187651e-02 5.55946777e-05]
 [3.89162744e-04 9.26577962e-04 3.53952782e-03 3.81008858e-02]]


idModel: 203
seed: 1609720710
overlayPath: /home/lmathy/breast_cancer_analysis/overlay
dataCubePath: /home/lmathy/breast_cancer_analysis/br20832_cores
kFoldIndicesPath: /home/lmathy/breast_cancer_analysis/matlab/histology/kFoldInd3.mat
colours: 
[[103 193  66]
 [255   0   0]
 [165  55 156]
 [243 143  53]
 [194 243 174]
 [ 69 120 236]]
peakWaveQualityTest: 1655
troughWaveQualityTest: 1760
minimumQualityTest: 0.1
maximumQualityTest: 2
makeQualityTestTrainingSet: True
makeQualityTestTestSet: True
noiseReductionFirst: True
methodNoiseReduction: None
numberPrincipalComponents: 35
inverseTransform: True

additionalParametersNoiseReduction:

pcaClass informations: None

intervalsToSelect: 
None
normalise: False
methodSavitzkyGolayFilter: savitzky_golay_filter
smoothingPoints: 13
orderPolynomialFit: 4

additionalParametersSavitzkyGolayFilter:
deriv: 2
mode: constant
cval: 0.0

dictionaryClassesMapping: 
{(0, 1): 0, (2, 3): 1, (4,): 2, (5,): 3}
methodClassesEqualization: None

additionalParametersClassesEqualization:

methodFeatureSelection: None

waveNumbers:
[ 912  916  920  924  928  932  936  940  944  948  952  956  960  964
  968  972  976  980  984  988  992  996 1000 1004 1008 1012 1016 1020
 1024 1028 1032 1036 1040 1044 1048 1052 1056 1060 1064 1068 1072 1076
 1080 1084 1088 1092 1096 1100 1104 1108 1112 1116 1120 1124 1128 1132
 1136 1140 1144 1148 1152 1156 1160 1164 1168 1172 1176 1180 1184 1188
 1192 1196 1200 1204 1208 1212 1216 1220 1224 1228 1232 1236 1240 1244
 1248 1252 1256 1260 1264 1268 1272 1276 1280 1284 1288 1292 1296 1300
 1304 1308 1312 1316 1320 1324 1328 1332 1336 1340 1344 1348 1352 1356
 1360 1364 1368 1372 1376 1380 1384 1388 1392 1396 1400 1404 1408 1412
 1416 1420 1424 1428 1432 1436 1440 1444 1448 1452 1456 1460 1464 1468
 1472 1476 1480 1484 1488 1492 1496 1500 1504 1508 1512 1516 1520 1524
 1528 1532 1536 1540 1544 1548 1552 1556 1560 1564 1568 1572 1576 1580
 1584 1588 1592 1596 1600 1604 1608 1612 1616 1620 1624 1628 1632 1636
 1640 1644 1648 1652 1656 1660 1664 1668 1672 1676 1680 1684 1688 1692
 1696 1700 1704 1708 1712 1716 1720 1724 1728 1732 1736 1740 1744 1748
 1752 1756 1760 1764 1768 1772 1776 1780 1784 1788 1792 1796 1800]

model: <class 'imblearn.ensemble._forest.BalancedRandomForestClassifier'>

learning model informations:
bootstrap: True
ccp_alpha: 0.0
class_weight: None
criterion: gini
max_depth: None
max_features: sqrt
max_leaf_nodes: None
max_samples: None
min_impurity_decrease: 0.0
min_samples_leaf: 10
min_samples_split: 2
min_weight_fraction_leaf: 0.0
n_estimators: 4
n_jobs: -1
oob_score: False
random_state: RandomState(MT19937)
replacement: False
sampling_strategy: auto
verbose: 0
warm_start: False

widthSubwindow: 1
heightSubwindow: 1
methodSubwindow: None

class distribution after potential subwindows creations:
class number: 0, number elements: 145386
class number: 1, number elements: 88205
class number: 2, number elements: 1766
class number: 3, number elements: 25382
total number elements: 260739

makeMirrors: True
makeRotations: True

              precision    recall  f1-score   support

           0       0.90      0.93      0.92     26224
           1       0.92      0.86      0.89     22755
           2       0.72      0.88      0.79      2665
           3       0.83      0.95      0.89      2318

    accuracy                           0.90     53962
   macro avg       0.84      0.90      0.87     53962
weighted avg       0.90      0.90      0.90     53962

confusion matrix not normalized:
[[24365  1509   184   166]
 [ 2255 19526   717   257]
 [  276    26  2335    28]
 [   31    62    27  2198]]
confusion matrix normalized according to the true classes:
[[0.92911074 0.05754271 0.00701647 0.00633008]
 [0.0990991  0.85809712 0.03150956 0.01129422]
 [0.10356473 0.0097561  0.87617261 0.01050657]
 [0.0133736  0.0267472  0.01164797 0.94823123]]
confusion matrix normalized according to the predicted classes:
[[0.90485386 0.07143872 0.05638983 0.06266516]
 [0.08374494 0.92439521 0.21973644 0.09701774]
 [0.01024994 0.00123089 0.71559914 0.01057003]
 [0.00115126 0.00293519 0.00827459 0.82974707]]
confusion matrix normalized according to the whole population:
[[0.45152144 0.02796412 0.00340981 0.00307624]
 [0.04178867 0.36184723 0.01328713 0.00476261]
 [0.00511471 0.00048182 0.04327119 0.00051888]
 [0.00057448 0.00114896 0.00050035 0.04073237]]


idModel: 204
seed: 1609720710
overlayPath: /home/lmathy/breast_cancer_analysis/overlay
dataCubePath: /home/lmathy/breast_cancer_analysis/br20832_cores
kFoldIndicesPath: /home/lmathy/breast_cancer_analysis/matlab/histology/kFoldInd3.mat
colours: 
[[103 193  66]
 [255   0   0]
 [165  55 156]
 [243 143  53]
 [194 243 174]
 [ 69 120 236]]
peakWaveQualityTest: 1655
troughWaveQualityTest: 1760
minimumQualityTest: 0.1
maximumQualityTest: 2
makeQualityTestTrainingSet: True
makeQualityTestTestSet: True
noiseReductionFirst: True
methodNoiseReduction: None
numberPrincipalComponents: 35
inverseTransform: True

additionalParametersNoiseReduction:

pcaClass informations: None

intervalsToSelect: 
None
normalise: False
methodSavitzkyGolayFilter: savitzky_golay_filter
smoothingPoints: 13
orderPolynomialFit: 4

additionalParametersSavitzkyGolayFilter:
deriv: 2
mode: constant
cval: 0.0

dictionaryClassesMapping: 
{(0, 1): 0, (2, 3): 1, (4,): 2, (5,): 3}
methodClassesEqualization: None

additionalParametersClassesEqualization:

methodFeatureSelection: None

waveNumbers:
[ 912  916  920  924  928  932  936  940  944  948  952  956  960  964
  968  972  976  980  984  988  992  996 1000 1004 1008 1012 1016 1020
 1024 1028 1032 1036 1040 1044 1048 1052 1056 1060 1064 1068 1072 1076
 1080 1084 1088 1092 1096 1100 1104 1108 1112 1116 1120 1124 1128 1132
 1136 1140 1144 1148 1152 1156 1160 1164 1168 1172 1176 1180 1184 1188
 1192 1196 1200 1204 1208 1212 1216 1220 1224 1228 1232 1236 1240 1244
 1248 1252 1256 1260 1264 1268 1272 1276 1280 1284 1288 1292 1296 1300
 1304 1308 1312 1316 1320 1324 1328 1332 1336 1340 1344 1348 1352 1356
 1360 1364 1368 1372 1376 1380 1384 1388 1392 1396 1400 1404 1408 1412
 1416 1420 1424 1428 1432 1436 1440 1444 1448 1452 1456 1460 1464 1468
 1472 1476 1480 1484 1488 1492 1496 1500 1504 1508 1512 1516 1520 1524
 1528 1532 1536 1540 1544 1548 1552 1556 1560 1564 1568 1572 1576 1580
 1584 1588 1592 1596 1600 1604 1608 1612 1616 1620 1624 1628 1632 1636
 1640 1644 1648 1652 1656 1660 1664 1668 1672 1676 1680 1684 1688 1692
 1696 1700 1704 1708 1712 1716 1720 1724 1728 1732 1736 1740 1744 1748
 1752 1756 1760 1764 1768 1772 1776 1780 1784 1788 1792 1796 1800]

model: <class 'imblearn.ensemble._forest.BalancedRandomForestClassifier'>

learning model informations:
bootstrap: True
ccp_alpha: 0.0
class_weight: None
criterion: gini
max_depth: None
max_features: sqrt
max_leaf_nodes: None
max_samples: None
min_impurity_decrease: 0.0
min_samples_leaf: 10
min_samples_split: 2
min_weight_fraction_leaf: 0.0
n_estimators: 5
n_jobs: -1
oob_score: False
random_state: RandomState(MT19937)
replacement: False
sampling_strategy: auto
verbose: 0
warm_start: False

widthSubwindow: 1
heightSubwindow: 1
methodSubwindow: None

class distribution after potential subwindows creations:
class number: 0, number elements: 145386
class number: 1, number elements: 88205
class number: 2, number elements: 1766
class number: 3, number elements: 25382
total number elements: 260739

makeMirrors: True
makeRotations: True

              precision    recall  f1-score   support

           0       0.92      0.94      0.93     26224
           1       0.94      0.87      0.90     22755
           2       0.75      0.93      0.83      2665
           3       0.74      0.95      0.84      2318

    accuracy                           0.91     53962
   macro avg       0.84      0.92      0.87     53962
weighted avg       0.91      0.91      0.91     53962

confusion matrix not normalized:
[[24632  1079   276   237]
 [ 2000 19697   539   519]
 [  191     0  2472     2]
 [   16    94     2  2206]]
confusion matrix normalized according to the true classes:
[[9.39292251e-01 4.11455156e-02 1.05247102e-02 9.03752288e-03]
 [8.78927708e-02 8.65611953e-01 2.36871017e-02 2.28081740e-02]
 [7.16697936e-02 0.00000000e+00 9.27579737e-01 7.50469043e-04]
 [6.90250216e-03 4.05522002e-02 8.62812770e-04 9.51682485e-01]]
confusion matrix normalized according to the predicted classes:
[[9.17768918e-01 5.17010062e-02 8.39160839e-02 7.99595142e-02]
 [7.45184247e-02 9.43794921e-01 1.63879599e-01 1.75101215e-01]
 [7.11650956e-03 0.00000000e+00 7.51596230e-01 6.74763833e-04]
 [5.96147397e-04 4.50407283e-03 6.08087565e-04 7.44264507e-01]]
confusion matrix normalized according to the whole population:
[[4.56469367e-01 1.99955524e-02 5.11471035e-03 4.39197954e-03]
 [3.70631185e-02 3.65016122e-01 9.98851043e-03 9.61787925e-03]
 [3.53952782e-03 0.00000000e+00 4.58100145e-02 3.70631185e-05]
 [2.96504948e-04 1.74196657e-03 3.70631185e-05 4.08806197e-02]]


idModel: 205
seed: 1609720710
overlayPath: /home/lmathy/breast_cancer_analysis/overlay
dataCubePath: /home/lmathy/breast_cancer_analysis/br20832_cores
kFoldIndicesPath: /home/lmathy/breast_cancer_analysis/matlab/histology/kFoldInd3.mat
colours: 
[[103 193  66]
 [255   0   0]
 [165  55 156]
 [243 143  53]
 [194 243 174]
 [ 69 120 236]]
peakWaveQualityTest: 1655
troughWaveQualityTest: 1760
minimumQualityTest: 0.1
maximumQualityTest: 2
makeQualityTestTrainingSet: True
makeQualityTestTestSet: True
noiseReductionFirst: True
methodNoiseReduction: None
numberPrincipalComponents: 35
inverseTransform: True

additionalParametersNoiseReduction:

pcaClass informations: None

intervalsToSelect: 
None
normalise: False
methodSavitzkyGolayFilter: savitzky_golay_filter
smoothingPoints: 13
orderPolynomialFit: 4

additionalParametersSavitzkyGolayFilter:
deriv: 2
mode: constant
cval: 0.0

dictionaryClassesMapping: 
{(0, 1): 0, (2, 3): 1, (4,): 2, (5,): 3}
methodClassesEqualization: None

additionalParametersClassesEqualization:

methodFeatureSelection: None

waveNumbers:
[ 912  916  920  924  928  932  936  940  944  948  952  956  960  964
  968  972  976  980  984  988  992  996 1000 1004 1008 1012 1016 1020
 1024 1028 1032 1036 1040 1044 1048 1052 1056 1060 1064 1068 1072 1076
 1080 1084 1088 1092 1096 1100 1104 1108 1112 1116 1120 1124 1128 1132
 1136 1140 1144 1148 1152 1156 1160 1164 1168 1172 1176 1180 1184 1188
 1192 1196 1200 1204 1208 1212 1216 1220 1224 1228 1232 1236 1240 1244
 1248 1252 1256 1260 1264 1268 1272 1276 1280 1284 1288 1292 1296 1300
 1304 1308 1312 1316 1320 1324 1328 1332 1336 1340 1344 1348 1352 1356
 1360 1364 1368 1372 1376 1380 1384 1388 1392 1396 1400 1404 1408 1412
 1416 1420 1424 1428 1432 1436 1440 1444 1448 1452 1456 1460 1464 1468
 1472 1476 1480 1484 1488 1492 1496 1500 1504 1508 1512 1516 1520 1524
 1528 1532 1536 1540 1544 1548 1552 1556 1560 1564 1568 1572 1576 1580
 1584 1588 1592 1596 1600 1604 1608 1612 1616 1620 1624 1628 1632 1636
 1640 1644 1648 1652 1656 1660 1664 1668 1672 1676 1680 1684 1688 1692
 1696 1700 1704 1708 1712 1716 1720 1724 1728 1732 1736 1740 1744 1748
 1752 1756 1760 1764 1768 1772 1776 1780 1784 1788 1792 1796 1800]

model: <class 'imblearn.ensemble._forest.BalancedRandomForestClassifier'>

learning model informations:
bootstrap: True
ccp_alpha: 0.0
class_weight: None
criterion: gini
max_depth: None
max_features: sqrt
max_leaf_nodes: None
max_samples: None
min_impurity_decrease: 0.0
min_samples_leaf: 10
min_samples_split: 2
min_weight_fraction_leaf: 0.0
n_estimators: 6
n_jobs: -1
oob_score: False
random_state: RandomState(MT19937)
replacement: False
sampling_strategy: auto
verbose: 0
warm_start: False

widthSubwindow: 1
heightSubwindow: 1
methodSubwindow: None

class distribution after potential subwindows creations:
class number: 0, number elements: 145386
class number: 1, number elements: 88205
class number: 2, number elements: 1766
class number: 3, number elements: 25382
total number elements: 260739

makeMirrors: True
makeRotations: True

              precision    recall  f1-score   support

           0       0.92      0.94      0.93     26224
           1       0.93      0.87      0.90     22755
           2       0.73      0.92      0.82      2665
           3       0.87      0.94      0.90      2318

    accuracy                           0.91     53962
   macro avg       0.86      0.92      0.89     53962
weighted avg       0.91      0.91      0.91     53962

confusion matrix not normalized:
[[24691  1295   172    66]
 [ 1962 19808   719   266]
 [  197    16  2449     3]
 [   18   118     0  2182]]
confusion matrix normalized according to the true classes:
[[0.9415421  0.04938225 0.00655888 0.00251678]
 [0.08622281 0.87049    0.03159745 0.01168974]
 [0.0739212  0.00600375 0.91894934 0.0011257 ]
 [0.00776531 0.05090595 0.         0.94132873]]
confusion matrix normalized according to the predicted classes:
[[9.18974244e-01 6.09784810e-02 5.14970060e-02 2.62216925e-02]
 [7.30236713e-02 9.32711777e-01 2.15269461e-01 1.05681367e-01]
 [7.33214233e-03 7.53402081e-04 7.33233533e-01 1.19189511e-03]
 [6.69941938e-04 5.55634035e-03 0.00000000e+00 8.66905046e-01]]
confusion matrix normalized according to the whole population:
[[4.57562729e-01 2.39983692e-02 3.18742819e-03 1.22308291e-03]
 [3.63589192e-02 3.67073126e-01 1.33241911e-02 4.92939476e-03]
 [3.65071717e-03 2.96504948e-04 4.53837886e-02 5.55946777e-05]
 [3.33568066e-04 2.18672399e-03 0.00000000e+00 4.04358623e-02]]


idModel: 206
seed: 1609720710
overlayPath: /home/lmathy/breast_cancer_analysis/overlay
dataCubePath: /home/lmathy/breast_cancer_analysis/br20832_cores
kFoldIndicesPath: /home/lmathy/breast_cancer_analysis/matlab/histology/kFoldInd3.mat
colours: 
[[103 193  66]
 [255   0   0]
 [165  55 156]
 [243 143  53]
 [194 243 174]
 [ 69 120 236]]
peakWaveQualityTest: 1655
troughWaveQualityTest: 1760
minimumQualityTest: 0.1
maximumQualityTest: 2
makeQualityTestTrainingSet: True
makeQualityTestTestSet: True
noiseReductionFirst: True
methodNoiseReduction: None
numberPrincipalComponents: 35
inverseTransform: True

additionalParametersNoiseReduction:

pcaClass informations: None

intervalsToSelect: 
None
normalise: False
methodSavitzkyGolayFilter: savitzky_golay_filter
smoothingPoints: 13
orderPolynomialFit: 4

additionalParametersSavitzkyGolayFilter:
deriv: 2
mode: constant
cval: 0.0

dictionaryClassesMapping: 
{(0, 1): 0, (2, 3): 1, (4,): 2, (5,): 3}
methodClassesEqualization: None

additionalParametersClassesEqualization:

methodFeatureSelection: None

waveNumbers:
[ 912  916  920  924  928  932  936  940  944  948  952  956  960  964
  968  972  976  980  984  988  992  996 1000 1004 1008 1012 1016 1020
 1024 1028 1032 1036 1040 1044 1048 1052 1056 1060 1064 1068 1072 1076
 1080 1084 1088 1092 1096 1100 1104 1108 1112 1116 1120 1124 1128 1132
 1136 1140 1144 1148 1152 1156 1160 1164 1168 1172 1176 1180 1184 1188
 1192 1196 1200 1204 1208 1212 1216 1220 1224 1228 1232 1236 1240 1244
 1248 1252 1256 1260 1264 1268 1272 1276 1280 1284 1288 1292 1296 1300
 1304 1308 1312 1316 1320 1324 1328 1332 1336 1340 1344 1348 1352 1356
 1360 1364 1368 1372 1376 1380 1384 1388 1392 1396 1400 1404 1408 1412
 1416 1420 1424 1428 1432 1436 1440 1444 1448 1452 1456 1460 1464 1468
 1472 1476 1480 1484 1488 1492 1496 1500 1504 1508 1512 1516 1520 1524
 1528 1532 1536 1540 1544 1548 1552 1556 1560 1564 1568 1572 1576 1580
 1584 1588 1592 1596 1600 1604 1608 1612 1616 1620 1624 1628 1632 1636
 1640 1644 1648 1652 1656 1660 1664 1668 1672 1676 1680 1684 1688 1692
 1696 1700 1704 1708 1712 1716 1720 1724 1728 1732 1736 1740 1744 1748
 1752 1756 1760 1764 1768 1772 1776 1780 1784 1788 1792 1796 1800]

model: <class 'imblearn.ensemble._forest.BalancedRandomForestClassifier'>

learning model informations:
bootstrap: True
ccp_alpha: 0.0
class_weight: None
criterion: gini
max_depth: None
max_features: sqrt
max_leaf_nodes: None
max_samples: None
min_impurity_decrease: 0.0
min_samples_leaf: 10
min_samples_split: 2
min_weight_fraction_leaf: 0.0
n_estimators: 7
n_jobs: -1
oob_score: False
random_state: RandomState(MT19937)
replacement: False
sampling_strategy: auto
verbose: 0
warm_start: False

widthSubwindow: 1
heightSubwindow: 1
methodSubwindow: None

class distribution after potential subwindows creations:
class number: 0, number elements: 145386
class number: 1, number elements: 88205
class number: 2, number elements: 1766
class number: 3, number elements: 25382
total number elements: 260739

makeMirrors: True
makeRotations: True

              precision    recall  f1-score   support

           0       0.92      0.94      0.93     26224
           1       0.94      0.87      0.90     22755
           2       0.70      0.96      0.81      2665
           3       0.79      0.93      0.85      2318

    accuracy                           0.91     53962
   macro avg       0.84      0.92      0.87     53962
weighted avg       0.91      0.91      0.91     53962

confusion matrix not normalized:
[[24537  1240   303   144]
 [ 1913 19692   737   413]
 [  112     0  2553     0]
 [   27   116    29  2146]]
confusion matrix normalized according to the true classes:
[[0.93566962 0.04728493 0.0115543  0.00549115]
 [0.08406944 0.86539222 0.03238849 0.01814986]
 [0.04202627 0.         0.95797373 0.        ]
 [0.01164797 0.05004314 0.01251079 0.9257981 ]]
confusion matrix normalized according to the predicted classes:
[[0.92282523 0.05891296 0.08365544 0.05327414]
 [0.07194705 0.93557583 0.20347874 0.15279319]
 [0.00421227 0.         0.70485919 0.        ]
 [0.00101546 0.00551121 0.00800663 0.79393267]]
confusion matrix normalized according to the whole population:
[[0.45470887 0.02297913 0.00561506 0.00266854]
 [0.03545087 0.36492346 0.01365776 0.00765353]
 [0.00207553 0.         0.04731107 0.        ]
 [0.00050035 0.00214966 0.00053742 0.03976873]]


idModel: 207
seed: 1609720710
overlayPath: /home/lmathy/breast_cancer_analysis/overlay
dataCubePath: /home/lmathy/breast_cancer_analysis/br20832_cores
kFoldIndicesPath: /home/lmathy/breast_cancer_analysis/matlab/histology/kFoldInd3.mat
colours: 
[[103 193  66]
 [255   0   0]
 [165  55 156]
 [243 143  53]
 [194 243 174]
 [ 69 120 236]]
peakWaveQualityTest: 1655
troughWaveQualityTest: 1760
minimumQualityTest: 0.1
maximumQualityTest: 2
makeQualityTestTrainingSet: True
makeQualityTestTestSet: True
noiseReductionFirst: True
methodNoiseReduction: None
numberPrincipalComponents: 35
inverseTransform: True

additionalParametersNoiseReduction:

pcaClass informations: None

intervalsToSelect: 
None
normalise: False
methodSavitzkyGolayFilter: savitzky_golay_filter
smoothingPoints: 13
orderPolynomialFit: 4

additionalParametersSavitzkyGolayFilter:
deriv: 2
mode: constant
cval: 0.0

dictionaryClassesMapping: 
{(0, 1): 0, (2, 3): 1, (4,): 2, (5,): 3}
methodClassesEqualization: None

additionalParametersClassesEqualization:

methodFeatureSelection: None

waveNumbers:
[ 912  916  920  924  928  932  936  940  944  948  952  956  960  964
  968  972  976  980  984  988  992  996 1000 1004 1008 1012 1016 1020
 1024 1028 1032 1036 1040 1044 1048 1052 1056 1060 1064 1068 1072 1076
 1080 1084 1088 1092 1096 1100 1104 1108 1112 1116 1120 1124 1128 1132
 1136 1140 1144 1148 1152 1156 1160 1164 1168 1172 1176 1180 1184 1188
 1192 1196 1200 1204 1208 1212 1216 1220 1224 1228 1232 1236 1240 1244
 1248 1252 1256 1260 1264 1268 1272 1276 1280 1284 1288 1292 1296 1300
 1304 1308 1312 1316 1320 1324 1328 1332 1336 1340 1344 1348 1352 1356
 1360 1364 1368 1372 1376 1380 1384 1388 1392 1396 1400 1404 1408 1412
 1416 1420 1424 1428 1432 1436 1440 1444 1448 1452 1456 1460 1464 1468
 1472 1476 1480 1484 1488 1492 1496 1500 1504 1508 1512 1516 1520 1524
 1528 1532 1536 1540 1544 1548 1552 1556 1560 1564 1568 1572 1576 1580
 1584 1588 1592 1596 1600 1604 1608 1612 1616 1620 1624 1628 1632 1636
 1640 1644 1648 1652 1656 1660 1664 1668 1672 1676 1680 1684 1688 1692
 1696 1700 1704 1708 1712 1716 1720 1724 1728 1732 1736 1740 1744 1748
 1752 1756 1760 1764 1768 1772 1776 1780 1784 1788 1792 1796 1800]

model: <class 'imblearn.ensemble._forest.BalancedRandomForestClassifier'>

learning model informations:
bootstrap: True
ccp_alpha: 0.0
class_weight: None
criterion: gini
max_depth: None
max_features: sqrt
max_leaf_nodes: None
max_samples: None
min_impurity_decrease: 0.0
min_samples_leaf: 10
min_samples_split: 2
min_weight_fraction_leaf: 0.0
n_estimators: 8
n_jobs: -1
oob_score: False
random_state: RandomState(MT19937)
replacement: False
sampling_strategy: auto
verbose: 0
warm_start: False

widthSubwindow: 1
heightSubwindow: 1
methodSubwindow: None

class distribution after potential subwindows creations:
class number: 0, number elements: 145386
class number: 1, number elements: 88205
class number: 2, number elements: 1766
class number: 3, number elements: 25382
total number elements: 260739

makeMirrors: True
makeRotations: True

              precision    recall  f1-score   support

           0       0.93      0.94      0.93     26224
           1       0.93      0.86      0.89     22755
           2       0.71      0.95      0.82      2665
           3       0.78      0.95      0.86      2318

    accuracy                           0.91     53962
   macro avg       0.84      0.93      0.88     53962
weighted avg       0.91      0.91      0.91     53962

confusion matrix not normalized:
[[24606  1334   115   169]
 [ 1847 19570   884   454]
 [  116     4  2542     3]
 [    1    96    15  2206]]
confusion matrix normalized according to the true classes:
[[9.38300793e-01 5.08694326e-02 4.38529591e-03 6.44447834e-03]
 [8.11689739e-02 8.60030762e-01 3.88486047e-02 1.99516590e-02]
 [4.35272045e-02 1.50093809e-03 9.53846154e-01 1.12570356e-03]
 [4.31406385e-04 4.14150129e-02 6.47109577e-03 9.51682485e-01]]
confusion matrix normalized according to the predicted classes:
[[9.26082047e-01 6.35117121e-02 3.23397075e-02 5.96751412e-02]
 [6.95144900e-02 9.31727290e-01 2.48593926e-01 1.60310734e-01]
 [4.36582612e-03 1.90439916e-04 7.14848144e-01 1.05932203e-03]
 [3.76364321e-05 4.57055799e-03 4.21822272e-03 7.78954802e-01]]
confusion matrix normalized according to the whole population:
[[4.55987547e-01 2.47211000e-02 2.13112931e-03 3.13183351e-03]
 [3.42277899e-02 3.62662614e-01 1.63818984e-02 8.41332790e-03]
 [2.14966087e-03 7.41262370e-05 4.71072236e-02 5.55946777e-05]
 [1.85315592e-05 1.77902969e-03 2.77973389e-04 4.08806197e-02]]


idModel: 208
seed: 1609720710
overlayPath: /home/lmathy/breast_cancer_analysis/overlay
dataCubePath: /home/lmathy/breast_cancer_analysis/br20832_cores
kFoldIndicesPath: /home/lmathy/breast_cancer_analysis/matlab/histology/kFoldInd3.mat
colours: 
[[103 193  66]
 [255   0   0]
 [165  55 156]
 [243 143  53]
 [194 243 174]
 [ 69 120 236]]
peakWaveQualityTest: 1655
troughWaveQualityTest: 1760
minimumQualityTest: 0.1
maximumQualityTest: 2
makeQualityTestTrainingSet: True
makeQualityTestTestSet: True
noiseReductionFirst: True
methodNoiseReduction: None
numberPrincipalComponents: 35
inverseTransform: True

additionalParametersNoiseReduction:

pcaClass informations: None

intervalsToSelect: 
None
normalise: False
methodSavitzkyGolayFilter: savitzky_golay_filter
smoothingPoints: 13
orderPolynomialFit: 4

additionalParametersSavitzkyGolayFilter:
deriv: 2
mode: constant
cval: 0.0

dictionaryClassesMapping: 
{(0, 1): 0, (2, 3): 1, (4,): 2, (5,): 3}
methodClassesEqualization: None

additionalParametersClassesEqualization:

methodFeatureSelection: None

waveNumbers:
[ 912  916  920  924  928  932  936  940  944  948  952  956  960  964
  968  972  976  980  984  988  992  996 1000 1004 1008 1012 1016 1020
 1024 1028 1032 1036 1040 1044 1048 1052 1056 1060 1064 1068 1072 1076
 1080 1084 1088 1092 1096 1100 1104 1108 1112 1116 1120 1124 1128 1132
 1136 1140 1144 1148 1152 1156 1160 1164 1168 1172 1176 1180 1184 1188
 1192 1196 1200 1204 1208 1212 1216 1220 1224 1228 1232 1236 1240 1244
 1248 1252 1256 1260 1264 1268 1272 1276 1280 1284 1288 1292 1296 1300
 1304 1308 1312 1316 1320 1324 1328 1332 1336 1340 1344 1348 1352 1356
 1360 1364 1368 1372 1376 1380 1384 1388 1392 1396 1400 1404 1408 1412
 1416 1420 1424 1428 1432 1436 1440 1444 1448 1452 1456 1460 1464 1468
 1472 1476 1480 1484 1488 1492 1496 1500 1504 1508 1512 1516 1520 1524
 1528 1532 1536 1540 1544 1548 1552 1556 1560 1564 1568 1572 1576 1580
 1584 1588 1592 1596 1600 1604 1608 1612 1616 1620 1624 1628 1632 1636
 1640 1644 1648 1652 1656 1660 1664 1668 1672 1676 1680 1684 1688 1692
 1696 1700 1704 1708 1712 1716 1720 1724 1728 1732 1736 1740 1744 1748
 1752 1756 1760 1764 1768 1772 1776 1780 1784 1788 1792 1796 1800]

model: <class 'imblearn.ensemble._forest.BalancedRandomForestClassifier'>

learning model informations:
bootstrap: True
ccp_alpha: 0.0
class_weight: None
criterion: gini
max_depth: None
max_features: sqrt
max_leaf_nodes: None
max_samples: None
min_impurity_decrease: 0.0
min_samples_leaf: 10
min_samples_split: 2
min_weight_fraction_leaf: 0.0
n_estimators: 9
n_jobs: -1
oob_score: False
random_state: RandomState(MT19937)
replacement: False
sampling_strategy: auto
verbose: 0
warm_start: False

widthSubwindow: 1
heightSubwindow: 1
methodSubwindow: None

class distribution after potential subwindows creations:
class number: 0, number elements: 145386
class number: 1, number elements: 88205
class number: 2, number elements: 1766
class number: 3, number elements: 25382
total number elements: 260739

makeMirrors: True
makeRotations: True

              precision    recall  f1-score   support

           0       0.92      0.93      0.93     26224
           1       0.93      0.86      0.89     22755
           2       0.63      0.95      0.76      2665
           3       0.91      0.96      0.93      2318

    accuracy                           0.90     53962
   macro avg       0.85      0.93      0.88     53962
weighted avg       0.91      0.90      0.91     53962

confusion matrix not normalized:
[[24503  1284   408    29]
 [ 1985 19504  1062   204]
 [  123     0  2542     0]
 [   14    76     0  2228]]
confusion matrix normalized according to the true classes:
[[0.93437309 0.04896278 0.01555827 0.00110586]
 [0.08723358 0.8571303  0.04667106 0.00896506]
 [0.04615385 0.         0.95384615 0.        ]
 [0.00603969 0.03278689 0.         0.96117343]]
confusion matrix normalized according to the predicted classes:
[[9.20300469e-01 6.15414110e-02 1.01694915e-01 1.17838277e-02]
 [7.45539906e-02 9.34815951e-01 2.64705882e-01 8.28931329e-02]
 [4.61971831e-03 0.00000000e+00 6.33599202e-01 0.00000000e+00]
 [5.25821596e-04 3.64263804e-03 0.00000000e+00 9.05323039e-01]]
confusion matrix normalized according to the whole population:
