idModel: 0
seed: 1595693344
overlayPath: /home/lmathy/breast_cancer_analysis/overlay
dataCubePath: /home/lmathy/breast_cancer_analysis/br20832_cores
kFoldIndicesPath: /home/lmathy/breast_cancer_analysis/matlab/histology/kFoldInd3.mat
colours: 
[[103 193  66]
 [255   0   0]
 [165  55 156]
 [243 143  53]
 [194 243 174]
 [ 69 120 236]]
peakWaveQualityTest: 1655
troughWaveQualityTest: 1760
minimumQualityTest: 0.1
maximumQualityTest: 2
noiseReductionFirst: True
methodNoiseReduction: sklearn_pca
numberPrincipalComponents: 35
inverseTransform: True

additionalParametersNoiseReduction:
random_state: RandomState(MT19937)

pcaClass informations:
copy: True
iterated_power: auto
n_components: 35
random_state: RandomState(MT19937)
svd_solver: auto
tol: 0.0
whiten: False

intervalsToSelect: 
[[1000 1350]
 [1490 1800]]
normalise: True
methodSavitzkyGolayFilter: savitzky_golay_filter
smoothingPoints: 13
orderPolynomialFit: 4

additionalParametersSavitzkyGolayFilter:
deriv: 2
mode: constant
cval: 0.0

dictionaryClassesMapping: 
{(0, 1): 0, (2, 3): 1, (4,): 2, (5,): 3}
methodClassesEqualization: random_under_sampler

additionalParametersClassesEqualization:
random_state: RandomState(MT19937)

methodFeatureSelection: None

waveNumbers:
[1000 1004 1008 1012 1016 1020 1024 1028 1032 1036 1040 1044 1048 1052
 1056 1060 1064 1068 1072 1076 1080 1084 1088 1092 1096 1100 1104 1108
 1112 1116 1120 1124 1128 1132 1136 1140 1144 1148 1152 1156 1160 1164
 1168 1172 1176 1180 1184 1188 1192 1196 1200 1204 1208 1212 1216 1220
 1224 1228 1232 1236 1240 1244 1248 1252 1256 1260 1264 1268 1272 1276
 1280 1284 1288 1292 1296 1300 1304 1308 1312 1316 1320 1324 1328 1332
 1336 1340 1344 1348 1352 1492 1496 1500 1504 1508 1512 1516 1520 1524
 1528 1532 1536 1540 1544 1548 1552 1556 1560 1564 1568 1572 1576 1580
 1584 1588 1592 1596 1600 1604 1608 1612 1616 1620 1624 1628 1632 1636
 1640 1644 1648 1652 1656 1660 1664 1668 1672 1676 1680 1684 1688 1692
 1696 1700 1704 1708 1712 1716 1720 1724 1728 1732 1736 1740 1744 1748
 1752 1756 1760 1764 1768 1772 1776 1780 1784 1788 1792 1796 1800]

model: <class 'sklearn.ensemble._forest.RandomForestClassifier'>

learning model informations:
bootstrap: True
ccp_alpha: 0.0
class_weight: None
criterion: gini
max_depth: None
max_features: 5
max_leaf_nodes: None
max_samples: None
min_impurity_decrease: 0.0
min_impurity_split: None
min_samples_leaf: 1
min_samples_split: 2
min_weight_fraction_leaf: 0.0
n_estimators: 500
n_jobs: -1
oob_score: False
random_state: RandomState(MT19937)
verbose: 0
warm_start: False
              precision    recall  f1-score   support

           0       0.89      0.95      0.92     26224
           1       0.94      0.85      0.90     22755
           2       0.82      0.89      0.85      2665
           3       0.98      0.96      0.97      2318

    accuracy                           0.91     53962
   macro avg       0.91      0.91      0.91     53962
weighted avg       0.91      0.91      0.91     53962

confusion matrix not normalized:
[[25004  1122    76    22]
 [ 2876 19399   462    18]
 [  288     0  2377     0]
 [   25    68     0  2225]]
confusion matrix normalized according to the true classes:
[[9.53477730e-01 4.27852349e-02 2.89810860e-03 8.38926174e-04]
 [1.26389804e-01 8.52515931e-01 2.03032301e-02 7.91034937e-04]
 [1.08067542e-01 0.00000000e+00 8.91932458e-01 0.00000000e+00]
 [1.07851596e-02 2.93356342e-02 0.00000000e+00 9.59879206e-01]]
confusion matrix normalized according to the predicted classes:
[[8.86886816e-01 5.44951188e-02 2.60720412e-02 9.71302428e-03]
 [1.02011138e-01 9.42202147e-01 1.58490566e-01 7.94701987e-03]
 [1.02153017e-02 0.00000000e+00 8.15437393e-01 0.00000000e+00]
 [8.86744937e-04 3.30273447e-03 0.00000000e+00 9.82339956e-01]]
confusion matrix normalized according to the whole population:
[[4.63363107e-01 2.07924095e-02 1.40839850e-03 4.07694303e-04]
 [5.32967644e-02 3.59493718e-01 8.56158037e-03 3.33568066e-04]
 [5.33708906e-03 0.00000000e+00 4.40495163e-02 0.00000000e+00]
 [4.63288981e-04 1.26014603e-03 0.00000000e+00 4.12327193e-02]]


idModel: 1
seed: 1595693344
overlayPath: /home/lmathy/breast_cancer_analysis/overlay
dataCubePath: /home/lmathy/breast_cancer_analysis/br20832_cores
kFoldIndicesPath: /home/lmathy/breast_cancer_analysis/matlab/histology/kFoldInd3.mat
colours: 
[[103 193  66]
 [255   0   0]
 [165  55 156]
 [243 143  53]
 [194 243 174]
 [ 69 120 236]]
peakWaveQualityTest: 1655
troughWaveQualityTest: 1760
minimumQualityTest: 0.1
maximumQualityTest: 2
noiseReductionFirst: True
methodNoiseReduction: sklearn_pca
numberPrincipalComponents: 35
inverseTransform: True

additionalParametersNoiseReduction:
random_state: RandomState(MT19937)

pcaClass informations:
copy: True
iterated_power: auto
n_components: 35
random_state: RandomState(MT19937)
svd_solver: auto
tol: 0.0
whiten: False

intervalsToSelect: 
[[1000 1350]
 [1490 1800]]
normalise: True
methodSavitzkyGolayFilter: savitzky_golay_filter
smoothingPoints: 13
orderPolynomialFit: 4

additionalParametersSavitzkyGolayFilter:
deriv: 2
mode: constant
cval: 0.0

dictionaryClassesMapping: 
{(0, 1): 0, (2, 3): 1, (4,): 2, (5,): 3}
methodClassesEqualization: random_under_sampler

additionalParametersClassesEqualization:
random_state: RandomState(MT19937)

methodFeatureSelection: None

waveNumbers:
[1000 1004 1008 1012 1016 1020 1024 1028 1032 1036 1040 1044 1048 1052
 1056 1060 1064 1068 1072 1076 1080 1084 1088 1092 1096 1100 1104 1108
 1112 1116 1120 1124 1128 1132 1136 1140 1144 1148 1152 1156 1160 1164
 1168 1172 1176 1180 1184 1188 1192 1196 1200 1204 1208 1212 1216 1220
 1224 1228 1232 1236 1240 1244 1248 1252 1256 1260 1264 1268 1272 1276
 1280 1284 1288 1292 1296 1300 1304 1308 1312 1316 1320 1324 1328 1332
 1336 1340 1344 1348 1352 1492 1496 1500 1504 1508 1512 1516 1520 1524
 1528 1532 1536 1540 1544 1548 1552 1556 1560 1564 1568 1572 1576 1580
 1584 1588 1592 1596 1600 1604 1608 1612 1616 1620 1624 1628 1632 1636
 1640 1644 1648 1652 1656 1660 1664 1668 1672 1676 1680 1684 1688 1692
 1696 1700 1704 1708 1712 1716 1720 1724 1728 1732 1736 1740 1744 1748
 1752 1756 1760 1764 1768 1772 1776 1780 1784 1788 1792 1796 1800]

model: <class 'sklearn.ensemble._forest.RandomForestClassifier'>

learning model informations:
bootstrap: True
ccp_alpha: 0.0
class_weight: None
criterion: gini
max_depth: None
max_features: 5
max_leaf_nodes: None
max_samples: None
min_impurity_decrease: 0.0
min_impurity_split: None
min_samples_leaf: 5
min_samples_split: 2
min_weight_fraction_leaf: 0.0
n_estimators: 500
n_jobs: -1
oob_score: False
random_state: RandomState(MT19937)
verbose: 0
warm_start: False
              precision    recall  f1-score   support

           0       0.89      0.95      0.92     26224
           1       0.94      0.85      0.90     22755
           2       0.82      0.90      0.86      2665
           3       0.97      0.97      0.97      2318

    accuracy                           0.91     53962
   macro avg       0.90      0.92      0.91     53962
weighted avg       0.91      0.91      0.91     53962

confusion matrix not normalized:
[[24976  1119    71    58]
 [ 2868 19407   467    13]
 [  260     0  2405     0]
 [   14    66     0  2238]]
confusion matrix normalized according to the true classes:
[[9.52410006e-01 4.26708359e-02 2.70744356e-03 2.21171446e-03]
 [1.26038233e-01 8.52867502e-01 2.05229620e-02 5.71303010e-04]
 [9.75609756e-02 0.00000000e+00 9.02439024e-01 0.00000000e+00]
 [6.03968939e-03 2.84728214e-02 0.00000000e+00 9.65487489e-01]]
confusion matrix normalized according to the predicted classes:
[[8.88256633e-01 5.43414918e-02 2.41250425e-02 2.51190992e-02]
 [1.01998720e-01 9.42453380e-01 1.58681617e-01 5.63014292e-03]
 [9.24674586e-03 0.00000000e+00 8.17193340e-01 0.00000000e+00]
 [4.97901700e-04 3.20512821e-03 0.00000000e+00 9.69250758e-01]]
confusion matrix normalized according to the whole population:
[[4.62844224e-01 2.07368148e-02 1.31574071e-03 1.07483044e-03]
 [5.31485119e-02 3.59641970e-01 8.65423817e-03 2.40910270e-04]
 [4.81820540e-03 0.00000000e+00 4.45684000e-02 0.00000000e+00]
 [2.59441829e-04 1.22308291e-03 0.00000000e+00 4.14736296e-02]]


idModel: 2
seed: 1595693344
overlayPath: /home/lmathy/breast_cancer_analysis/overlay
dataCubePath: /home/lmathy/breast_cancer_analysis/br20832_cores
kFoldIndicesPath: /home/lmathy/breast_cancer_analysis/matlab/histology/kFoldInd3.mat
colours: 
[[103 193  66]
 [255   0   0]
 [165  55 156]
 [243 143  53]
 [194 243 174]
 [ 69 120 236]]
peakWaveQualityTest: 1655
troughWaveQualityTest: 1760
minimumQualityTest: 0.1
maximumQualityTest: 2
noiseReductionFirst: True
methodNoiseReduction: sklearn_pca
numberPrincipalComponents: 35
inverseTransform: True

additionalParametersNoiseReduction:
random_state: RandomState(MT19937)

pcaClass informations:
copy: True
iterated_power: auto
n_components: 35
random_state: RandomState(MT19937)
svd_solver: auto
tol: 0.0
whiten: False

intervalsToSelect: 
[[1000 1350]
 [1490 1800]]
normalise: True
methodSavitzkyGolayFilter: savitzky_golay_filter
smoothingPoints: 13
orderPolynomialFit: 4

additionalParametersSavitzkyGolayFilter:
deriv: 2
mode: constant
cval: 0.0

dictionaryClassesMapping: 
{(0, 1): 0, (2, 3): 1, (4,): 2, (5,): 3}
methodClassesEqualization: random_under_sampler

additionalParametersClassesEqualization:
random_state: RandomState(MT19937)

methodFeatureSelection: None

waveNumbers:
[1000 1004 1008 1012 1016 1020 1024 1028 1032 1036 1040 1044 1048 1052
 1056 1060 1064 1068 1072 1076 1080 1084 1088 1092 1096 1100 1104 1108
 1112 1116 1120 1124 1128 1132 1136 1140 1144 1148 1152 1156 1160 1164
 1168 1172 1176 1180 1184 1188 1192 1196 1200 1204 1208 1212 1216 1220
 1224 1228 1232 1236 1240 1244 1248 1252 1256 1260 1264 1268 1272 1276
 1280 1284 1288 1292 1296 1300 1304 1308 1312 1316 1320 1324 1328 1332
 1336 1340 1344 1348 1352 1492 1496 1500 1504 1508 1512 1516 1520 1524
 1528 1532 1536 1540 1544 1548 1552 1556 1560 1564 1568 1572 1576 1580
 1584 1588 1592 1596 1600 1604 1608 1612 1616 1620 1624 1628 1632 1636
 1640 1644 1648 1652 1656 1660 1664 1668 1672 1676 1680 1684 1688 1692
 1696 1700 1704 1708 1712 1716 1720 1724 1728 1732 1736 1740 1744 1748
 1752 1756 1760 1764 1768 1772 1776 1780 1784 1788 1792 1796 1800]

model: <class 'sklearn.ensemble._forest.RandomForestClassifier'>

learning model informations:
bootstrap: True
ccp_alpha: 0.0
class_weight: None
criterion: gini
max_depth: None
max_features: 5
max_leaf_nodes: None
max_samples: None
min_impurity_decrease: 0.0
min_impurity_split: None
min_samples_leaf: 10
min_samples_split: 2
min_weight_fraction_leaf: 0.0
n_estimators: 500
n_jobs: -1
oob_score: False
random_state: RandomState(MT19937)
verbose: 0
warm_start: False
              precision    recall  f1-score   support

           0       0.89      0.95      0.92     26224
           1       0.94      0.86      0.90     22755
           2       0.81      0.91      0.86      2665
           3       0.97      0.97      0.97      2318

    accuracy                           0.91     53962
   macro avg       0.91      0.92      0.91     53962
weighted avg       0.91      0.91      0.91     53962

confusion matrix not normalized:
[[24952  1141    89    42]
 [ 2782 19489   464    20]
 [  244     0  2421     0]
 [   46    33     0  2239]]
confusion matrix normalized according to the true classes:
[[9.51494814e-01 4.35097621e-02 3.39383771e-03 1.60158633e-03]
 [1.22258844e-01 8.56471105e-01 2.03911228e-02 8.78927708e-04]
 [9.15572233e-02 0.00000000e+00 9.08442777e-01 0.00000000e+00]
 [1.98446937e-02 1.42364107e-02 0.00000000e+00 9.65918896e-01]]
confusion matrix normalized according to the predicted classes:
[[0.89037967 0.05521947 0.02992603 0.01825293]
 [0.09927205 0.94318347 0.15601883 0.00869187]
 [0.00870682 0.         0.81405514 0.        ]
 [0.00164145 0.00159706 0.         0.97305519]]
confusion matrix normalized according to the whole population:
[[4.62399466e-01 2.11445091e-02 1.64930877e-03 7.78325488e-04]
 [5.15547978e-02 3.61161558e-01 8.59864349e-03 3.70631185e-04]
 [4.52170046e-03 0.00000000e+00 4.48649049e-02 0.00000000e+00]
 [8.52451725e-04 6.11541455e-04 0.00000000e+00 4.14921612e-02]]


idModel: 3
seed: 1595693344
overlayPath: /home/lmathy/breast_cancer_analysis/overlay
dataCubePath: /home/lmathy/breast_cancer_analysis/br20832_cores
kFoldIndicesPath: /home/lmathy/breast_cancer_analysis/matlab/histology/kFoldInd3.mat
colours: 
[[103 193  66]
 [255   0   0]
 [165  55 156]
 [243 143  53]
 [194 243 174]
 [ 69 120 236]]
peakWaveQualityTest: 1655
troughWaveQualityTest: 1760
minimumQualityTest: 0.1
maximumQualityTest: 2
noiseReductionFirst: True
methodNoiseReduction: sklearn_pca
numberPrincipalComponents: 35
inverseTransform: True

additionalParametersNoiseReduction:
random_state: RandomState(MT19937)

pcaClass informations:
copy: True
iterated_power: auto
n_components: 35
random_state: RandomState(MT19937)
svd_solver: auto
tol: 0.0
whiten: False

intervalsToSelect: 
[[1000 1350]
 [1490 1800]]
normalise: True
methodSavitzkyGolayFilter: savitzky_golay_filter
smoothingPoints: 13
orderPolynomialFit: 4

additionalParametersSavitzkyGolayFilter:
deriv: 2
mode: constant
cval: 0.0

dictionaryClassesMapping: 
{(0, 1): 0, (2, 3): 1, (4,): 2, (5,): 3}
methodClassesEqualization: random_under_sampler

additionalParametersClassesEqualization:
random_state: RandomState(MT19937)

methodFeatureSelection: None

waveNumbers:
[1000 1004 1008 1012 1016 1020 1024 1028 1032 1036 1040 1044 1048 1052
 1056 1060 1064 1068 1072 1076 1080 1084 1088 1092 1096 1100 1104 1108
 1112 1116 1120 1124 1128 1132 1136 1140 1144 1148 1152 1156 1160 1164
 1168 1172 1176 1180 1184 1188 1192 1196 1200 1204 1208 1212 1216 1220
 1224 1228 1232 1236 1240 1244 1248 1252 1256 1260 1264 1268 1272 1276
 1280 1284 1288 1292 1296 1300 1304 1308 1312 1316 1320 1324 1328 1332
 1336 1340 1344 1348 1352 1492 1496 1500 1504 1508 1512 1516 1520 1524
 1528 1532 1536 1540 1544 1548 1552 1556 1560 1564 1568 1572 1576 1580
 1584 1588 1592 1596 1600 1604 1608 1612 1616 1620 1624 1628 1632 1636
 1640 1644 1648 1652 1656 1660 1664 1668 1672 1676 1680 1684 1688 1692
 1696 1700 1704 1708 1712 1716 1720 1724 1728 1732 1736 1740 1744 1748
 1752 1756 1760 1764 1768 1772 1776 1780 1784 1788 1792 1796 1800]

model: <class 'sklearn.ensemble._forest.RandomForestClassifier'>

learning model informations:
bootstrap: True
ccp_alpha: 0.0
class_weight: None
criterion: gini
max_depth: None
max_features: 5
max_leaf_nodes: None
max_samples: None
min_impurity_decrease: 0.0
min_impurity_split: None
min_samples_leaf: 15
min_samples_split: 2
min_weight_fraction_leaf: 0.0
n_estimators: 500
n_jobs: -1
oob_score: False
random_state: RandomState(MT19937)
verbose: 0
warm_start: False
              precision    recall  f1-score   support

           0       0.89      0.95      0.92     26224
           1       0.95      0.85      0.90     22755
           2       0.81      0.91      0.86      2665
           3       0.98      0.97      0.98      2318

    accuracy                           0.91     53962
   macro avg       0.91      0.92      0.91     53962
weighted avg       0.91      0.91      0.91     53962

confusion matrix not normalized:
[[25013  1085    96    30]
 [ 2911 19359   470    15]
 [  234     0  2431     0]
 [   34    26     0  2258]]
confusion matrix normalized according to the true classes:
[[9.53820927e-01 4.13743136e-02 3.66076876e-03 1.14399024e-03]
 [1.27927928e-01 8.50758075e-01 2.06548011e-02 6.59195781e-04]
 [8.78048780e-02 0.00000000e+00 9.12195122e-01 0.00000000e+00]
 [1.46678171e-02 1.12165660e-02 0.00000000e+00 9.74115617e-01]]
confusion matrix normalized according to the predicted classes:
[[0.88723751 0.0530044  0.03203203 0.01302649]
 [0.10325624 0.94572545 0.15682349 0.00651324]
 [0.00830023 0.         0.81114448 0.        ]
 [0.00120602 0.00127015 0.         0.98046027]]
confusion matrix normalized according to the whole population:
[[4.63529891e-01 2.01067418e-02 1.77902969e-03 5.55946777e-04]
 [5.39453690e-02 3.58752455e-01 8.70983285e-03 2.77973389e-04]
 [4.33638486e-03 0.00000000e+00 4.50502205e-02 0.00000000e+00]
 [6.30073014e-04 4.81820540e-04 0.00000000e+00 4.18442608e-02]]


idModel: 4
seed: 1595693344
overlayPath: /home/lmathy/breast_cancer_analysis/overlay
dataCubePath: /home/lmathy/breast_cancer_analysis/br20832_cores
kFoldIndicesPath: /home/lmathy/breast_cancer_analysis/matlab/histology/kFoldInd3.mat
colours: 
[[103 193  66]
 [255   0   0]
 [165  55 156]
 [243 143  53]
 [194 243 174]
 [ 69 120 236]]
peakWaveQualityTest: 1655
troughWaveQualityTest: 1760
minimumQualityTest: 0.1
maximumQualityTest: 2
noiseReductionFirst: True
methodNoiseReduction: sklearn_pca
numberPrincipalComponents: 35
inverseTransform: True

additionalParametersNoiseReduction:
random_state: RandomState(MT19937)

pcaClass informations:
copy: True
iterated_power: auto
n_components: 35
random_state: RandomState(MT19937)
svd_solver: auto
tol: 0.0
whiten: False

intervalsToSelect: 
[[1000 1350]
 [1490 1800]]
normalise: True
methodSavitzkyGolayFilter: savitzky_golay_filter
smoothingPoints: 13
orderPolynomialFit: 4

additionalParametersSavitzkyGolayFilter:
deriv: 2
mode: constant
cval: 0.0

dictionaryClassesMapping: 
{(0, 1): 0, (2, 3): 1, (4,): 2, (5,): 3}
methodClassesEqualization: random_under_sampler

additionalParametersClassesEqualization:
random_state: RandomState(MT19937)

methodFeatureSelection: None

waveNumbers:
[1000 1004 1008 1012 1016 1020 1024 1028 1032 1036 1040 1044 1048 1052
 1056 1060 1064 1068 1072 1076 1080 1084 1088 1092 1096 1100 1104 1108
 1112 1116 1120 1124 1128 1132 1136 1140 1144 1148 1152 1156 1160 1164
 1168 1172 1176 1180 1184 1188 1192 1196 1200 1204 1208 1212 1216 1220
 1224 1228 1232 1236 1240 1244 1248 1252 1256 1260 1264 1268 1272 1276
 1280 1284 1288 1292 1296 1300 1304 1308 1312 1316 1320 1324 1328 1332
 1336 1340 1344 1348 1352 1492 1496 1500 1504 1508 1512 1516 1520 1524
 1528 1532 1536 1540 1544 1548 1552 1556 1560 1564 1568 1572 1576 1580
 1584 1588 1592 1596 1600 1604 1608 1612 1616 1620 1624 1628 1632 1636
 1640 1644 1648 1652 1656 1660 1664 1668 1672 1676 1680 1684 1688 1692
 1696 1700 1704 1708 1712 1716 1720 1724 1728 1732 1736 1740 1744 1748
 1752 1756 1760 1764 1768 1772 1776 1780 1784 1788 1792 1796 1800]

model: <class 'sklearn.ensemble._forest.RandomForestClassifier'>

learning model informations:
bootstrap: True
ccp_alpha: 0.0
class_weight: None
criterion: gini
max_depth: None
max_features: 5
max_leaf_nodes: None
max_samples: None
min_impurity_decrease: 0.0
min_impurity_split: None
min_samples_leaf: 20
min_samples_split: 2
min_weight_fraction_leaf: 0.0
n_estimators: 500
n_jobs: -1
oob_score: False
random_state: RandomState(MT19937)
verbose: 0
warm_start: False
              precision    recall  f1-score   support

           0       0.89      0.95      0.92     26224
           1       0.94      0.86      0.90     22755
           2       0.81      0.89      0.85      2665
           3       0.98      0.96      0.97      2318

    accuracy                           0.91     53962
   macro avg       0.91      0.92      0.91     53962
weighted avg       0.91      0.91      0.91     53962

confusion matrix not normalized:
[[24924  1159   111    30]
 [ 2781 19502   465     7]
 [  283     0  2382     0]
 [   89     0     0  2229]]
confusion matrix normalized according to the true classes:
[[9.50427090e-01 4.41961562e-02 4.23276388e-03 1.14399024e-03]
 [1.22214898e-01 8.57042408e-01 2.04350692e-02 3.07624698e-04]
 [1.06191370e-01 0.00000000e+00 8.93808630e-01 0.00000000e+00]
 [3.83951682e-02 0.00000000e+00 0.00000000e+00 9.61604832e-01]]
confusion matrix normalized according to the predicted classes:
[[0.88770168 0.05609603 0.03752535 0.01323919]
 [0.09904904 0.94390397 0.15720081 0.00308914]
 [0.01007942 0.         0.80527383 0.        ]
 [0.00316985 0.         0.         0.98367167]]
confusion matrix normalized according to the whole population:
[[4.61880583e-01 2.14780772e-02 2.05700308e-03 5.55946777e-04]
 [5.15362663e-02 3.61402468e-01 8.61717505e-03 1.29720915e-04]
 [5.24443127e-03 0.00000000e+00 4.41421741e-02 0.00000000e+00]
 [1.64930877e-03 0.00000000e+00 0.00000000e+00 4.13068456e-02]]


idModel: 5
seed: 1595693344
overlayPath: /home/lmathy/breast_cancer_analysis/overlay
dataCubePath: /home/lmathy/breast_cancer_analysis/br20832_cores
kFoldIndicesPath: /home/lmathy/breast_cancer_analysis/matlab/histology/kFoldInd3.mat
colours: 
[[103 193  66]
 [255   0   0]
 [165  55 156]
 [243 143  53]
 [194 243 174]
 [ 69 120 236]]
peakWaveQualityTest: 1655
troughWaveQualityTest: 1760
minimumQualityTest: 0.1
maximumQualityTest: 2
noiseReductionFirst: True
methodNoiseReduction: sklearn_pca
numberPrincipalComponents: 35
inverseTransform: True

additionalParametersNoiseReduction:
random_state: RandomState(MT19937)

pcaClass informations:
copy: True
iterated_power: auto
n_components: 35
random_state: RandomState(MT19937)
svd_solver: auto
tol: 0.0
whiten: False

intervalsToSelect: 
[[1000 1350]
 [1490 1800]]
normalise: True
methodSavitzkyGolayFilter: savitzky_golay_filter
smoothingPoints: 13
orderPolynomialFit: 4

additionalParametersSavitzkyGolayFilter:
deriv: 2
mode: constant
cval: 0.0

dictionaryClassesMapping: 
{(0, 1): 0, (2, 3): 1, (4,): 2, (5,): 3}
methodClassesEqualization: random_under_sampler

additionalParametersClassesEqualization:
random_state: RandomState(MT19937)

methodFeatureSelection: None

waveNumbers:
[1000 1004 1008 1012 1016 1020 1024 1028 1032 1036 1040 1044 1048 1052
 1056 1060 1064 1068 1072 1076 1080 1084 1088 1092 1096 1100 1104 1108
 1112 1116 1120 1124 1128 1132 1136 1140 1144 1148 1152 1156 1160 1164
 1168 1172 1176 1180 1184 1188 1192 1196 1200 1204 1208 1212 1216 1220
 1224 1228 1232 1236 1240 1244 1248 1252 1256 1260 1264 1268 1272 1276
 1280 1284 1288 1292 1296 1300 1304 1308 1312 1316 1320 1324 1328 1332
 1336 1340 1344 1348 1352 1492 1496 1500 1504 1508 1512 1516 1520 1524
 1528 1532 1536 1540 1544 1548 1552 1556 1560 1564 1568 1572 1576 1580
 1584 1588 1592 1596 1600 1604 1608 1612 1616 1620 1624 1628 1632 1636
 1640 1644 1648 1652 1656 1660 1664 1668 1672 1676 1680 1684 1688 1692
 1696 1700 1704 1708 1712 1716 1720 1724 1728 1732 1736 1740 1744 1748
 1752 1756 1760 1764 1768 1772 1776 1780 1784 1788 1792 1796 1800]

model: <class 'sklearn.ensemble._forest.RandomForestClassifier'>

learning model informations:
bootstrap: True
ccp_alpha: 0.0
class_weight: None
criterion: gini
max_depth: None
max_features: 5
max_leaf_nodes: None
max_samples: None
min_impurity_decrease: 0.0
min_impurity_split: None
min_samples_leaf: 25
min_samples_split: 2
min_weight_fraction_leaf: 0.0
n_estimators: 500
n_jobs: -1
oob_score: False
random_state: RandomState(MT19937)
verbose: 0
warm_start: False
              precision    recall  f1-score   support

           0       0.88      0.95      0.92     26224
           1       0.95      0.85      0.89     22755
           2       0.80      0.91      0.85      2665
           3       0.98      0.96      0.97      2318

    accuracy                           0.91     53962
   macro avg       0.90      0.92      0.91     53962
weighted avg       0.91      0.91      0.91     53962

confusion matrix not normalized:
[[24996  1082   108    38]
 [ 2962 19273   501    19]
 [  239     0  2426     0]
 [   84     0     0  2234]]
confusion matrix normalized according to the true classes:
[[9.53172666e-01 4.12599146e-02 4.11836486e-03 1.44905430e-03]
 [1.30169194e-01 8.46978686e-01 2.20171391e-02 8.34981323e-04]
 [8.96810507e-02 0.00000000e+00 9.10318949e-01 0.00000000e+00]
 [3.62381363e-02 0.00000000e+00 0.00000000e+00 9.63761864e-01]]
confusion matrix normalized according to the predicted classes:
[[0.88384428 0.05315647 0.03558484 0.01658664]
 [0.10473463 0.94684353 0.16507414 0.00829332]
 [0.0084509  0.         0.79934102 0.        ]
 [0.00297019 0.         0.         0.97512003]]
confusion matrix normalized according to the whole population:
[[4.63214855e-01 2.00511471e-02 2.00140840e-03 7.04199251e-04]
 [5.48904785e-02 3.57158741e-01 9.28431118e-03 3.52099626e-04]
 [4.42904266e-03 0.00000000e+00 4.49575627e-02 0.00000000e+00]
 [1.55665098e-03 0.00000000e+00 0.00000000e+00 4.13995034e-02]]


idModel: 6
seed: 1595693344
overlayPath: /home/lmathy/breast_cancer_analysis/overlay
dataCubePath: /home/lmathy/breast_cancer_analysis/br20832_cores
kFoldIndicesPath: /home/lmathy/breast_cancer_analysis/matlab/histology/kFoldInd3.mat
colours: 
[[103 193  66]
 [255   0   0]
 [165  55 156]
 [243 143  53]
 [194 243 174]
 [ 69 120 236]]
peakWaveQualityTest: 1655
troughWaveQualityTest: 1760
minimumQualityTest: 0.1
maximumQualityTest: 2
noiseReductionFirst: True
methodNoiseReduction: sklearn_pca
numberPrincipalComponents: 35
inverseTransform: True

additionalParametersNoiseReduction:
random_state: RandomState(MT19937)

pcaClass informations:
copy: True
iterated_power: auto
n_components: 35
random_state: RandomState(MT19937)
svd_solver: auto
tol: 0.0
whiten: False

intervalsToSelect: 
[[1000 1350]
 [1490 1800]]
normalise: True
methodSavitzkyGolayFilter: savitzky_golay_filter
smoothingPoints: 13
orderPolynomialFit: 4

additionalParametersSavitzkyGolayFilter:
deriv: 2
mode: constant
cval: 0.0

dictionaryClassesMapping: 
{(0, 1): 0, (2, 3): 1, (4,): 2, (5,): 3}
methodClassesEqualization: random_under_sampler

additionalParametersClassesEqualization:
random_state: RandomState(MT19937)

methodFeatureSelection: None

waveNumbers:
[1000 1004 1008 1012 1016 1020 1024 1028 1032 1036 1040 1044 1048 1052
 1056 1060 1064 1068 1072 1076 1080 1084 1088 1092 1096 1100 1104 1108
 1112 1116 1120 1124 1128 1132 1136 1140 1144 1148 1152 1156 1160 1164
 1168 1172 1176 1180 1184 1188 1192 1196 1200 1204 1208 1212 1216 1220
 1224 1228 1232 1236 1240 1244 1248 1252 1256 1260 1264 1268 1272 1276
 1280 1284 1288 1292 1296 1300 1304 1308 1312 1316 1320 1324 1328 1332
 1336 1340 1344 1348 1352 1492 1496 1500 1504 1508 1512 1516 1520 1524
 1528 1532 1536 1540 1544 1548 1552 1556 1560 1564 1568 1572 1576 1580
 1584 1588 1592 1596 1600 1604 1608 1612 1616 1620 1624 1628 1632 1636
 1640 1644 1648 1652 1656 1660 1664 1668 1672 1676 1680 1684 1688 1692
 1696 1700 1704 1708 1712 1716 1720 1724 1728 1732 1736 1740 1744 1748
 1752 1756 1760 1764 1768 1772 1776 1780 1784 1788 1792 1796 1800]

model: <class 'sklearn.ensemble._forest.RandomForestClassifier'>

learning model informations:
bootstrap: True
ccp_alpha: 0.0
class_weight: None
criterion: gini
max_depth: None
max_features: 5
max_leaf_nodes: None
max_samples: None
min_impurity_decrease: 0.0
min_impurity_split: None
min_samples_leaf: 30
min_samples_split: 2
min_weight_fraction_leaf: 0.0
n_estimators: 500
n_jobs: -1
oob_score: False
random_state: RandomState(MT19937)
verbose: 0
warm_start: False
              precision    recall  f1-score   support

           0       0.89      0.95      0.92     26224
           1       0.95      0.85      0.90     22755
           2       0.79      0.93      0.85      2665
           3       0.98      0.96      0.97      2318

    accuracy                           0.91     53962
   macro avg       0.90      0.92      0.91     53962
weighted avg       0.91      0.91      0.91     53962

confusion matrix not normalized:
[[24963  1081   143    37]
 [ 2844 19386   513    12]
 [  199     0  2466     0]
 [   72    24     0  2222]]
confusion matrix normalized according to the true classes:
[[9.51914277e-01 4.12217816e-02 5.45302013e-03 1.41092129e-03]
 [1.24983520e-01 8.51944628e-01 2.25444957e-02 5.27356625e-04]
 [7.46716698e-02 0.00000000e+00 9.25328330e-01 0.00000000e+00]
 [3.10612597e-02 1.03537532e-02 0.00000000e+00 9.58584987e-01]]
confusion matrix normalized according to the predicted classes:
[[0.88905905 0.05275487 0.04580397 0.01629238]
 [0.10128927 0.94607389 0.16431775 0.00528402]
 [0.0070874  0.         0.78987828 0.        ]
 [0.00256429 0.00117125 0.         0.9784236 ]]
confusion matrix normalized according to the whole population:
[[4.62603313e-01 2.00326155e-02 2.65001297e-03 6.85667692e-04]
 [5.27037545e-02 3.59252808e-01 9.50668989e-03 2.22378711e-04]
 [3.68778029e-03 0.00000000e+00 4.56988251e-02 0.00000000e+00]
 [1.33427227e-03 4.44757422e-04 0.00000000e+00 4.11771246e-02]]


idModel: 7
seed: 1595693344
overlayPath: /home/lmathy/breast_cancer_analysis/overlay
dataCubePath: /home/lmathy/breast_cancer_analysis/br20832_cores
kFoldIndicesPath: /home/lmathy/breast_cancer_analysis/matlab/histology/kFoldInd3.mat
colours: 
[[103 193  66]
 [255   0   0]
 [165  55 156]
 [243 143  53]
 [194 243 174]
 [ 69 120 236]]
peakWaveQualityTest: 1655
troughWaveQualityTest: 1760
minimumQualityTest: 0.1
maximumQualityTest: 2
noiseReductionFirst: True
methodNoiseReduction: sklearn_pca
numberPrincipalComponents: 35
inverseTransform: True

additionalParametersNoiseReduction:
random_state: RandomState(MT19937)

pcaClass informations:
copy: True
iterated_power: auto
n_components: 35
random_state: RandomState(MT19937)
svd_solver: auto
tol: 0.0
whiten: False

intervalsToSelect: 
[[1000 1350]
 [1490 1800]]
normalise: True
methodSavitzkyGolayFilter: savitzky_golay_filter
smoothingPoints: 13
orderPolynomialFit: 4

additionalParametersSavitzkyGolayFilter:
deriv: 2
mode: constant
cval: 0.0

dictionaryClassesMapping: 
{(0, 1): 0, (2, 3): 1, (4,): 2, (5,): 3}
methodClassesEqualization: random_under_sampler

additionalParametersClassesEqualization:
random_state: RandomState(MT19937)

methodFeatureSelection: None

waveNumbers:
[1000 1004 1008 1012 1016 1020 1024 1028 1032 1036 1040 1044 1048 1052
 1056 1060 1064 1068 1072 1076 1080 1084 1088 1092 1096 1100 1104 1108
 1112 1116 1120 1124 1128 1132 1136 1140 1144 1148 1152 1156 1160 1164
 1168 1172 1176 1180 1184 1188 1192 1196 1200 1204 1208 1212 1216 1220
 1224 1228 1232 1236 1240 1244 1248 1252 1256 1260 1264 1268 1272 1276
 1280 1284 1288 1292 1296 1300 1304 1308 1312 1316 1320 1324 1328 1332
 1336 1340 1344 1348 1352 1492 1496 1500 1504 1508 1512 1516 1520 1524
 1528 1532 1536 1540 1544 1548 1552 1556 1560 1564 1568 1572 1576 1580
 1584 1588 1592 1596 1600 1604 1608 1612 1616 1620 1624 1628 1632 1636
 1640 1644 1648 1652 1656 1660 1664 1668 1672 1676 1680 1684 1688 1692
 1696 1700 1704 1708 1712 1716 1720 1724 1728 1732 1736 1740 1744 1748
 1752 1756 1760 1764 1768 1772 1776 1780 1784 1788 1792 1796 1800]

model: <class 'sklearn.ensemble._forest.RandomForestClassifier'>

learning model informations:
bootstrap: True
ccp_alpha: 0.0
class_weight: None
criterion: gini
max_depth: None
max_features: 5
max_leaf_nodes: None
max_samples: None
min_impurity_decrease: 0.0
min_impurity_split: None
min_samples_leaf: 35
min_samples_split: 2
min_weight_fraction_leaf: 0.0
n_estimators: 500
n_jobs: -1
oob_score: False
random_state: RandomState(MT19937)
verbose: 0
warm_start: False
              precision    recall  f1-score   support

           0       0.88      0.95      0.91     26224
           1       0.95      0.84      0.89     22755
           2       0.79      0.91      0.85      2665
           3       0.97      0.97      0.97      2318

    accuracy                           0.90     53962
   macro avg       0.90      0.92      0.91     53962
weighted avg       0.91      0.90      0.90     53962

confusion matrix not normalized:
[[24961  1080   137    46]
 [ 3098 19120   512    25]
 [  232     0  2433     0]
 [   58     0     0  2260]]
confusion matrix normalized according to the true classes:
[[0.95183801 0.04118365 0.00522422 0.00175412]
 [0.1361459  0.84025489 0.02250055 0.00109866]
 [0.08705441 0.         0.91294559 0.        ]
 [0.02502157 0.         0.         0.97497843]]
confusion matrix normalized according to the predicted classes:
[[0.88048961 0.05346535 0.04445165 0.01973402]
 [0.10928075 0.94653465 0.16612589 0.01072501]
 [0.00818371 0.         0.78942245 0.        ]
 [0.00204593 0.         0.         0.96954097]]
confusion matrix normalized according to the whole population:
[[0.46256625 0.02001408 0.00253882 0.00085245]
 [0.05741077 0.35432341 0.00948816 0.00046329]
 [0.00429932 0.         0.04508728 0.        ]
 [0.00107483 0.         0.         0.04188132]]


idModel: 8
seed: 1595693344
overlayPath: /home/lmathy/breast_cancer_analysis/overlay
dataCubePath: /home/lmathy/breast_cancer_analysis/br20832_cores
kFoldIndicesPath: /home/lmathy/breast_cancer_analysis/matlab/histology/kFoldInd3.mat
colours: 
[[103 193  66]
 [255   0   0]
 [165  55 156]
 [243 143  53]
 [194 243 174]
 [ 69 120 236]]
peakWaveQualityTest: 1655
troughWaveQualityTest: 1760
minimumQualityTest: 0.1
maximumQualityTest: 2
noiseReductionFirst: True
methodNoiseReduction: sklearn_pca
numberPrincipalComponents: 35
inverseTransform: True

additionalParametersNoiseReduction:
random_state: RandomState(MT19937)

pcaClass informations:
copy: True
iterated_power: auto
n_components: 35
random_state: RandomState(MT19937)
svd_solver: auto
tol: 0.0
whiten: False

intervalsToSelect: 
[[1000 1350]
 [1490 1800]]
normalise: True
methodSavitzkyGolayFilter: savitzky_golay_filter
smoothingPoints: 13
orderPolynomialFit: 4

additionalParametersSavitzkyGolayFilter:
deriv: 2
mode: constant
cval: 0.0

dictionaryClassesMapping: 
{(0, 1): 0, (2, 3): 1, (4,): 2, (5,): 3}
methodClassesEqualization: random_under_sampler

additionalParametersClassesEqualization:
random_state: RandomState(MT19937)

methodFeatureSelection: None

waveNumbers:
[1000 1004 1008 1012 1016 1020 1024 1028 1032 1036 1040 1044 1048 1052
 1056 1060 1064 1068 1072 1076 1080 1084 1088 1092 1096 1100 1104 1108
 1112 1116 1120 1124 1128 1132 1136 1140 1144 1148 1152 1156 1160 1164
 1168 1172 1176 1180 1184 1188 1192 1196 1200 1204 1208 1212 1216 1220
 1224 1228 1232 1236 1240 1244 1248 1252 1256 1260 1264 1268 1272 1276
 1280 1284 1288 1292 1296 1300 1304 1308 1312 1316 1320 1324 1328 1332
 1336 1340 1344 1348 1352 1492 1496 1500 1504 1508 1512 1516 1520 1524
 1528 1532 1536 1540 1544 1548 1552 1556 1560 1564 1568 1572 1576 1580
 1584 1588 1592 1596 1600 1604 1608 1612 1616 1620 1624 1628 1632 1636
 1640 1644 1648 1652 1656 1660 1664 1668 1672 1676 1680 1684 1688 1692
 1696 1700 1704 1708 1712 1716 1720 1724 1728 1732 1736 1740 1744 1748
 1752 1756 1760 1764 1768 1772 1776 1780 1784 1788 1792 1796 1800]

model: <class 'sklearn.ensemble._forest.RandomForestClassifier'>

learning model informations:
bootstrap: True
ccp_alpha: 0.0
class_weight: None
criterion: gini
max_depth: None
max_features: 5
max_leaf_nodes: None
max_samples: None
min_impurity_decrease: 0.0
min_impurity_split: None
min_samples_leaf: 40
min_samples_split: 2
min_weight_fraction_leaf: 0.0
n_estimators: 500
n_jobs: -1
oob_score: False
random_state: RandomState(MT19937)
verbose: 0
warm_start: False
              precision    recall  f1-score   support

           0       0.88      0.95      0.92     26224
           1       0.95      0.85      0.89     22755
           2       0.79      0.91      0.85      2665
           3       0.97      0.97      0.97      2318

    accuracy                           0.91     53962
   macro avg       0.90      0.92      0.91     53962
weighted avg       0.91      0.91      0.91     53962

confusion matrix not normalized:
[[24931  1089   148    56]
 [ 2951 19304   477    23]
 [  242     0  2423     0]
 [   70     4     0  2244]]
confusion matrix normalized according to the true classes:
[[0.95069402 0.04152685 0.00564369 0.00213545]
 [0.12968578 0.84834102 0.02096243 0.00101077]
 [0.09080675 0.         0.90919325 0.        ]
 [0.03019845 0.00172563 0.         0.96807593]]
confusion matrix normalized according to the predicted classes:
[[8.84266156e-01 5.33902044e-02 4.85564304e-02 2.41067585e-02]
 [1.04667660e-01 9.46413688e-01 1.56496063e-01 9.90099010e-03]
 [8.58338654e-03 0.00000000e+00 7.94947507e-01 0.00000000e+00]
 [2.48279776e-03 1.96107271e-04 0.00000000e+00 9.65992251e-01]]
confusion matrix normalized according to the whole population:
[[4.62010304e-01 2.01808680e-02 2.74267077e-03 1.03776732e-03]
 [5.46866313e-02 3.57733220e-01 8.83955376e-03 4.26225863e-04]
 [4.48463734e-03 0.00000000e+00 4.49019681e-02 0.00000000e+00]
 [1.29720915e-03 7.41262370e-05 0.00000000e+00 4.15848189e-02]]


idModel: 9
seed: 1595693344
overlayPath: /home/lmathy/breast_cancer_analysis/overlay
dataCubePath: /home/lmathy/breast_cancer_analysis/br20832_cores
kFoldIndicesPath: /home/lmathy/breast_cancer_analysis/matlab/histology/kFoldInd3.mat
colours: 
[[103 193  66]
 [255   0   0]
 [165  55 156]
 [243 143  53]
 [194 243 174]
 [ 69 120 236]]
peakWaveQualityTest: 1655
troughWaveQualityTest: 1760
minimumQualityTest: 0.1
maximumQualityTest: 2
noiseReductionFirst: True
methodNoiseReduction: sklearn_pca
numberPrincipalComponents: 35
inverseTransform: True

additionalParametersNoiseReduction:
random_state: RandomState(MT19937)

pcaClass informations:
copy: True
iterated_power: auto
n_components: 35
random_state: RandomState(MT19937)
svd_solver: auto
tol: 0.0
whiten: False

intervalsToSelect: 
[[1000 1350]
 [1490 1800]]
normalise: True
methodSavitzkyGolayFilter: savitzky_golay_filter
smoothingPoints: 13
orderPolynomialFit: 4

additionalParametersSavitzkyGolayFilter:
deriv: 2
mode: constant
cval: 0.0

dictionaryClassesMapping: 
{(0, 1): 0, (2, 3): 1, (4,): 2, (5,): 3}
methodClassesEqualization: random_under_sampler

additionalParametersClassesEqualization:
random_state: RandomState(MT19937)

methodFeatureSelection: None

waveNumbers:
[1000 1004 1008 1012 1016 1020 1024 1028 1032 1036 1040 1044 1048 1052
 1056 1060 1064 1068 1072 1076 1080 1084 1088 1092 1096 1100 1104 1108
 1112 1116 1120 1124 1128 1132 1136 1140 1144 1148 1152 1156 1160 1164
 1168 1172 1176 1180 1184 1188 1192 1196 1200 1204 1208 1212 1216 1220
 1224 1228 1232 1236 1240 1244 1248 1252 1256 1260 1264 1268 1272 1276
 1280 1284 1288 1292 1296 1300 1304 1308 1312 1316 1320 1324 1328 1332
 1336 1340 1344 1348 1352 1492 1496 1500 1504 1508 1512 1516 1520 1524
 1528 1532 1536 1540 1544 1548 1552 1556 1560 1564 1568 1572 1576 1580
 1584 1588 1592 1596 1600 1604 1608 1612 1616 1620 1624 1628 1632 1636
 1640 1644 1648 1652 1656 1660 1664 1668 1672 1676 1680 1684 1688 1692
 1696 1700 1704 1708 1712 1716 1720 1724 1728 1732 1736 1740 1744 1748
 1752 1756 1760 1764 1768 1772 1776 1780 1784 1788 1792 1796 1800]

model: <class 'sklearn.ensemble._forest.RandomForestClassifier'>

learning model informations:
bootstrap: True
ccp_alpha: 0.0
class_weight: None
criterion: gini
max_depth: None
max_features: 5
max_leaf_nodes: None
max_samples: None
min_impurity_decrease: 0.0
min_impurity_split: None
min_samples_leaf: 45
min_samples_split: 2
min_weight_fraction_leaf: 0.0
n_estimators: 500
n_jobs: -1
oob_score: False
random_state: RandomState(MT19937)
verbose: 0
warm_start: False
              precision    recall  f1-score   support

           0       0.89      0.95      0.92     26224
           1       0.95      0.85      0.90     22755
           2       0.78      0.93      0.85      2665
           3       0.97      0.96      0.97      2318

    accuracy                           0.91     53962
   macro avg       0.90      0.92      0.91     53962
weighted avg       0.91      0.91      0.91     53962

confusion matrix not normalized:
[[24921  1068   195    40]
 [ 2907 19311   518    19]
 [  188     0  2477     0]
 [   83     1     0  2234]]
confusion matrix normalized according to the true classes:
[[9.50312691e-01 4.07260525e-02 7.43593655e-03 1.52532032e-03]
 [1.27752142e-01 8.48648649e-01 2.27642276e-02 8.34981323e-04]
 [7.05440901e-02 0.00000000e+00 9.29455910e-01 0.00000000e+00]
 [3.58067299e-02 4.31406385e-04 0.00000000e+00 9.63761864e-01]]
confusion matrix normalized according to the predicted classes:
[[8.86899890e-01 5.24043180e-02 6.11285266e-02 1.74443960e-02]
 [1.03455639e-01 9.47546614e-01 1.62382445e-01 8.28608809e-03]
 [6.69062956e-03 0.00000000e+00 7.76489028e-01 0.00000000e+00]
 [2.95384177e-03 4.90677134e-05 0.00000000e+00 9.74269516e-01]]
confusion matrix normalized according to the whole population:
[[4.61824988e-01 1.97917053e-02 3.61365405e-03 7.41262370e-04]
