idModel: 0
seed: 1595774637
overlayPath: /home/lmathy/breast_cancer_analysis/overlay
dataCubePath: /home/lmathy/breast_cancer_analysis/br20832_cores
kFoldIndicesPath: /home/lmathy/breast_cancer_analysis/matlab/histology/kFoldInd3.mat
colours: 
[[103 193  66]
 [255   0   0]
 [165  55 156]
 [243 143  53]
 [194 243 174]
 [ 69 120 236]]
peakWaveQualityTest: 1655
troughWaveQualityTest: 1760
minimumQualityTest: 0.1
maximumQualityTest: 2
noiseReductionFirst: True
methodNoiseReduction: None
numberPrincipalComponents: 35
inverseTransform: True

additionalParametersNoiseReduction:

pcaClass informations: None

intervalsToSelect: 
None
normalise: False
methodSavitzkyGolayFilter: savitzky_golay_filter
smoothingPoints: 13
orderPolynomialFit: 4

additionalParametersSavitzkyGolayFilter:
deriv: 2
mode: constant
cval: 0.0

dictionaryClassesMapping: 
{(0, 1): 0, (2, 3): 1, (4,): 2, (5,): 3}
methodClassesEqualization: random_under_sampler

additionalParametersClassesEqualization:
random_state: RandomState(MT19937)

methodFeatureSelection: None

waveNumbers:
[ 912  916  920  924  928  932  936  940  944  948  952  956  960  964
  968  972  976  980  984  988  992  996 1000 1004 1008 1012 1016 1020
 1024 1028 1032 1036 1040 1044 1048 1052 1056 1060 1064 1068 1072 1076
 1080 1084 1088 1092 1096 1100 1104 1108 1112 1116 1120 1124 1128 1132
 1136 1140 1144 1148 1152 1156 1160 1164 1168 1172 1176 1180 1184 1188
 1192 1196 1200 1204 1208 1212 1216 1220 1224 1228 1232 1236 1240 1244
 1248 1252 1256 1260 1264 1268 1272 1276 1280 1284 1288 1292 1296 1300
 1304 1308 1312 1316 1320 1324 1328 1332 1336 1340 1344 1348 1352 1356
 1360 1364 1368 1372 1376 1380 1384 1388 1392 1396 1400 1404 1408 1412
 1416 1420 1424 1428 1432 1436 1440 1444 1448 1452 1456 1460 1464 1468
 1472 1476 1480 1484 1488 1492 1496 1500 1504 1508 1512 1516 1520 1524
 1528 1532 1536 1540 1544 1548 1552 1556 1560 1564 1568 1572 1576 1580
 1584 1588 1592 1596 1600 1604 1608 1612 1616 1620 1624 1628 1632 1636
 1640 1644 1648 1652 1656 1660 1664 1668 1672 1676 1680 1684 1688 1692
 1696 1700 1704 1708 1712 1716 1720 1724 1728 1732 1736 1740 1744 1748
 1752 1756 1760 1764 1768 1772 1776 1780 1784 1788 1792 1796 1800]

model: <class 'sklearn.ensemble._forest.RandomForestClassifier'>

learning model informations:
bootstrap: True
ccp_alpha: 0.0
class_weight: None
criterion: gini
max_depth: None
max_features: 5
max_leaf_nodes: None
max_samples: None
min_impurity_decrease: 0.0
min_impurity_split: None
min_samples_leaf: 1
min_samples_split: 2
min_weight_fraction_leaf: 0.0
n_estimators: 500
n_jobs: -1
oob_score: False
random_state: RandomState(MT19937)
verbose: 0
warm_start: False
              precision    recall  f1-score   support

           0       0.92      0.96      0.94     26224
           1       0.94      0.87      0.91     22755
           2       0.79      0.94      0.86      2665
           3       0.90      0.95      0.92      2318

    accuracy                           0.92     53962
   macro avg       0.89      0.93      0.90     53962
weighted avg       0.92      0.92      0.92     53962

confusion matrix not normalized:
[[25096  1104    16     8]
 [ 2047 19812   649   247]
 [  168     0  2497     0]
 [   22   102     0  2194]]
confusion matrix normalized according to the true classes:
[[9.56985967e-01 4.20988408e-02 6.10128127e-04 3.05064063e-04]
 [8.99582509e-02 8.70665788e-01 2.85212041e-02 1.08547572e-02]
 [6.30393996e-02 0.00000000e+00 9.36960600e-01 0.00000000e+00]
 [9.49094047e-03 4.40034513e-02 0.00000000e+00 9.46505608e-01]]
confusion matrix normalized according to the predicted classes:
[[9.18157539e-01 5.25264059e-02 5.06008855e-03 3.26663944e-03]
 [7.48911572e-02 9.42620611e-01 2.05249842e-01 1.00857493e-01]
 [6.14641642e-03 0.00000000e+00 7.89690070e-01 0.00000000e+00]
 [8.04887864e-04 4.85298316e-03 0.00000000e+00 8.95875868e-01]]
confusion matrix normalized according to the whole population:
[[4.65068011e-01 2.04588414e-02 2.96504948e-04 1.48252474e-04]
 [3.79341018e-02 3.67147252e-01 1.20269820e-02 4.57729513e-03]
 [3.11330195e-03 0.00000000e+00 4.62733034e-02 0.00000000e+00]
 [4.07694303e-04 1.89021904e-03 0.00000000e+00 4.06582410e-02]]


idModel: 1
seed: 1595774637
overlayPath: /home/lmathy/breast_cancer_analysis/overlay
dataCubePath: /home/lmathy/breast_cancer_analysis/br20832_cores
kFoldIndicesPath: /home/lmathy/breast_cancer_analysis/matlab/histology/kFoldInd3.mat
colours: 
[[103 193  66]
 [255   0   0]
 [165  55 156]
 [243 143  53]
 [194 243 174]
 [ 69 120 236]]
peakWaveQualityTest: 1655
troughWaveQualityTest: 1760
minimumQualityTest: 0.1
maximumQualityTest: 2
noiseReductionFirst: True
methodNoiseReduction: None
numberPrincipalComponents: 35
inverseTransform: True

additionalParametersNoiseReduction:

pcaClass informations: None

intervalsToSelect: 
None
normalise: False
methodSavitzkyGolayFilter: savitzky_golay_filter
smoothingPoints: 13
orderPolynomialFit: 4

additionalParametersSavitzkyGolayFilter:
deriv: 2
mode: constant
cval: 0.0

dictionaryClassesMapping: 
{(0, 1): 0, (2, 3): 1, (4,): 2, (5,): 3}
methodClassesEqualization: random_under_sampler

additionalParametersClassesEqualization:
random_state: RandomState(MT19937)

methodFeatureSelection: None

waveNumbers:
[ 912  916  920  924  928  932  936  940  944  948  952  956  960  964
  968  972  976  980  984  988  992  996 1000 1004 1008 1012 1016 1020
 1024 1028 1032 1036 1040 1044 1048 1052 1056 1060 1064 1068 1072 1076
 1080 1084 1088 1092 1096 1100 1104 1108 1112 1116 1120 1124 1128 1132
 1136 1140 1144 1148 1152 1156 1160 1164 1168 1172 1176 1180 1184 1188
 1192 1196 1200 1204 1208 1212 1216 1220 1224 1228 1232 1236 1240 1244
 1248 1252 1256 1260 1264 1268 1272 1276 1280 1284 1288 1292 1296 1300
 1304 1308 1312 1316 1320 1324 1328 1332 1336 1340 1344 1348 1352 1356
 1360 1364 1368 1372 1376 1380 1384 1388 1392 1396 1400 1404 1408 1412
 1416 1420 1424 1428 1432 1436 1440 1444 1448 1452 1456 1460 1464 1468
 1472 1476 1480 1484 1488 1492 1496 1500 1504 1508 1512 1516 1520 1524
 1528 1532 1536 1540 1544 1548 1552 1556 1560 1564 1568 1572 1576 1580
 1584 1588 1592 1596 1600 1604 1608 1612 1616 1620 1624 1628 1632 1636
 1640 1644 1648 1652 1656 1660 1664 1668 1672 1676 1680 1684 1688 1692
 1696 1700 1704 1708 1712 1716 1720 1724 1728 1732 1736 1740 1744 1748
 1752 1756 1760 1764 1768 1772 1776 1780 1784 1788 1792 1796 1800]

model: <class 'sklearn.ensemble._forest.RandomForestClassifier'>

learning model informations:
bootstrap: True
ccp_alpha: 0.0
class_weight: None
criterion: gini
max_depth: None
max_features: 5
max_leaf_nodes: None
max_samples: None
min_impurity_decrease: 0.0
min_impurity_split: None
min_samples_leaf: 5
min_samples_split: 2
min_weight_fraction_leaf: 0.0
n_estimators: 500
n_jobs: -1
oob_score: False
random_state: RandomState(MT19937)
verbose: 0
warm_start: False
              precision    recall  f1-score   support

           0       0.92      0.96      0.94     26224
           1       0.95      0.86      0.90     22755
           2       0.74      0.95      0.83      2665
           3       0.91      0.96      0.94      2318

    accuracy                           0.92     53962
   macro avg       0.88      0.93      0.90     53962
weighted avg       0.92      0.92      0.92     53962

confusion matrix not normalized:
[[25115  1045    30    34]
 [ 2068 19649   864   174]
 [  139     0  2526     0]
 [   25    69     0  2224]]
confusion matrix normalized according to the true classes:
[[0.95771049 0.03984899 0.00114399 0.00129652]
 [0.09088113 0.86350253 0.03796968 0.00764667]
 [0.0521576  0.         0.9478424  0.        ]
 [0.01078516 0.02976704 0.         0.9594478 ]]
confusion matrix normalized according to the predicted classes:
[[9.18382272e-01 5.03299138e-02 8.77192982e-03 1.39802632e-02]
 [7.56207262e-02 9.46346867e-01 2.52631579e-01 7.15460526e-02]
 [5.08282444e-03 0.00000000e+00 7.38596491e-01 0.00000000e+00]
 [9.14177058e-04 3.32321919e-03 0.00000000e+00 9.14473684e-01]]
confusion matrix normalized according to the whole population:
[[4.65420110e-01 1.93654794e-02 5.55946777e-04 6.30073014e-04]
 [3.83232645e-02 3.64126608e-01 1.60112672e-02 3.22449131e-03]
 [2.57588674e-03 0.00000000e+00 4.68107187e-02 0.00000000e+00]
 [4.63288981e-04 1.27867759e-03 0.00000000e+00 4.12141878e-02]]


idModel: 2
seed: 1595774637
overlayPath: /home/lmathy/breast_cancer_analysis/overlay
dataCubePath: /home/lmathy/breast_cancer_analysis/br20832_cores
kFoldIndicesPath: /home/lmathy/breast_cancer_analysis/matlab/histology/kFoldInd3.mat
colours: 
[[103 193  66]
 [255   0   0]
 [165  55 156]
 [243 143  53]
 [194 243 174]
 [ 69 120 236]]
peakWaveQualityTest: 1655
troughWaveQualityTest: 1760
minimumQualityTest: 0.1
maximumQualityTest: 2
noiseReductionFirst: True
methodNoiseReduction: None
numberPrincipalComponents: 35
inverseTransform: True

additionalParametersNoiseReduction:

pcaClass informations: None

intervalsToSelect: 
None
normalise: False
methodSavitzkyGolayFilter: savitzky_golay_filter
smoothingPoints: 13
orderPolynomialFit: 4

additionalParametersSavitzkyGolayFilter:
deriv: 2
mode: constant
cval: 0.0

dictionaryClassesMapping: 
{(0, 1): 0, (2, 3): 1, (4,): 2, (5,): 3}
methodClassesEqualization: random_under_sampler

additionalParametersClassesEqualization:
random_state: RandomState(MT19937)

methodFeatureSelection: None

waveNumbers:
[ 912  916  920  924  928  932  936  940  944  948  952  956  960  964
  968  972  976  980  984  988  992  996 1000 1004 1008 1012 1016 1020
 1024 1028 1032 1036 1040 1044 1048 1052 1056 1060 1064 1068 1072 1076
 1080 1084 1088 1092 1096 1100 1104 1108 1112 1116 1120 1124 1128 1132
 1136 1140 1144 1148 1152 1156 1160 1164 1168 1172 1176 1180 1184 1188
 1192 1196 1200 1204 1208 1212 1216 1220 1224 1228 1232 1236 1240 1244
 1248 1252 1256 1260 1264 1268 1272 1276 1280 1284 1288 1292 1296 1300
 1304 1308 1312 1316 1320 1324 1328 1332 1336 1340 1344 1348 1352 1356
 1360 1364 1368 1372 1376 1380 1384 1388 1392 1396 1400 1404 1408 1412
 1416 1420 1424 1428 1432 1436 1440 1444 1448 1452 1456 1460 1464 1468
 1472 1476 1480 1484 1488 1492 1496 1500 1504 1508 1512 1516 1520 1524
 1528 1532 1536 1540 1544 1548 1552 1556 1560 1564 1568 1572 1576 1580
 1584 1588 1592 1596 1600 1604 1608 1612 1616 1620 1624 1628 1632 1636
 1640 1644 1648 1652 1656 1660 1664 1668 1672 1676 1680 1684 1688 1692
 1696 1700 1704 1708 1712 1716 1720 1724 1728 1732 1736 1740 1744 1748
 1752 1756 1760 1764 1768 1772 1776 1780 1784 1788 1792 1796 1800]

model: <class 'sklearn.ensemble._forest.RandomForestClassifier'>

learning model informations:
bootstrap: True
ccp_alpha: 0.0
class_weight: None
criterion: gini
max_depth: None
max_features: 5
max_leaf_nodes: None
max_samples: None
min_impurity_decrease: 0.0
min_impurity_split: None
min_samples_leaf: 10
min_samples_split: 2
min_weight_fraction_leaf: 0.0
n_estimators: 500
n_jobs: -1
oob_score: False
random_state: RandomState(MT19937)
verbose: 0
warm_start: False
              precision    recall  f1-score   support

           0       0.92      0.95      0.94     26224
           1       0.94      0.87      0.90     22755
           2       0.73      0.95      0.83      2665
           3       0.95      0.96      0.95      2318

    accuracy                           0.92     53962
   macro avg       0.89      0.93      0.91     53962
weighted avg       0.92      0.92      0.92     53962

confusion matrix not normalized:
[[25031  1130    29    34]
 [ 1969 19787   904    95]
 [  137     0  2528     0]
 [   26    68     0  2224]]
confusion matrix normalized according to the true classes:
[[0.95450732 0.0430903  0.00110586 0.00129652]
 [0.08653043 0.86956713 0.03972753 0.00417491]
 [0.05140713 0.         0.94859287 0.        ]
 [0.01121657 0.02933563 0.         0.9594478 ]]
confusion matrix normalized according to the predicted classes:
[[0.92151088 0.05384799 0.00837908 0.01444964]
 [0.07248831 0.9429116  0.26119619 0.04037399]
 [0.00504363 0.         0.73042473 0.        ]
 [0.00095718 0.00324041 0.         0.94517637]]
confusion matrix normalized according to the whole population:
[[0.46386346 0.02094066 0.00053742 0.00063007]
 [0.03648864 0.36668396 0.01675253 0.0017605 ]
 [0.00253882 0.         0.04684778 0.        ]
 [0.00048182 0.00126015 0.         0.04121419]]


idModel: 3
seed: 1595774637
overlayPath: /home/lmathy/breast_cancer_analysis/overlay
dataCubePath: /home/lmathy/breast_cancer_analysis/br20832_cores
kFoldIndicesPath: /home/lmathy/breast_cancer_analysis/matlab/histology/kFoldInd3.mat
colours: 
[[103 193  66]
 [255   0   0]
 [165  55 156]
 [243 143  53]
 [194 243 174]
 [ 69 120 236]]
peakWaveQualityTest: 1655
troughWaveQualityTest: 1760
minimumQualityTest: 0.1
maximumQualityTest: 2
noiseReductionFirst: True
methodNoiseReduction: None
numberPrincipalComponents: 35
inverseTransform: True

additionalParametersNoiseReduction:

pcaClass informations: None

intervalsToSelect: 
None
normalise: False
methodSavitzkyGolayFilter: savitzky_golay_filter
smoothingPoints: 13
orderPolynomialFit: 4

additionalParametersSavitzkyGolayFilter:
deriv: 2
mode: constant
cval: 0.0

dictionaryClassesMapping: 
{(0, 1): 0, (2, 3): 1, (4,): 2, (5,): 3}
methodClassesEqualization: random_under_sampler

additionalParametersClassesEqualization:
random_state: RandomState(MT19937)

methodFeatureSelection: None

waveNumbers:
[ 912  916  920  924  928  932  936  940  944  948  952  956  960  964
  968  972  976  980  984  988  992  996 1000 1004 1008 1012 1016 1020
 1024 1028 1032 1036 1040 1044 1048 1052 1056 1060 1064 1068 1072 1076
 1080 1084 1088 1092 1096 1100 1104 1108 1112 1116 1120 1124 1128 1132
 1136 1140 1144 1148 1152 1156 1160 1164 1168 1172 1176 1180 1184 1188
 1192 1196 1200 1204 1208 1212 1216 1220 1224 1228 1232 1236 1240 1244
 1248 1252 1256 1260 1264 1268 1272 1276 1280 1284 1288 1292 1296 1300
 1304 1308 1312 1316 1320 1324 1328 1332 1336 1340 1344 1348 1352 1356
 1360 1364 1368 1372 1376 1380 1384 1388 1392 1396 1400 1404 1408 1412
 1416 1420 1424 1428 1432 1436 1440 1444 1448 1452 1456 1460 1464 1468
 1472 1476 1480 1484 1488 1492 1496 1500 1504 1508 1512 1516 1520 1524
 1528 1532 1536 1540 1544 1548 1552 1556 1560 1564 1568 1572 1576 1580
 1584 1588 1592 1596 1600 1604 1608 1612 1616 1620 1624 1628 1632 1636
 1640 1644 1648 1652 1656 1660 1664 1668 1672 1676 1680 1684 1688 1692
 1696 1700 1704 1708 1712 1716 1720 1724 1728 1732 1736 1740 1744 1748
 1752 1756 1760 1764 1768 1772 1776 1780 1784 1788 1792 1796 1800]

model: <class 'sklearn.ensemble._forest.RandomForestClassifier'>

learning model informations:
bootstrap: True
ccp_alpha: 0.0
class_weight: None
criterion: gini
max_depth: None
max_features: 5
max_leaf_nodes: None
max_samples: None
min_impurity_decrease: 0.0
min_impurity_split: None
min_samples_leaf: 15
min_samples_split: 2
min_weight_fraction_leaf: 0.0
n_estimators: 500
n_jobs: -1
oob_score: False
random_state: RandomState(MT19937)
verbose: 0
warm_start: False
              precision    recall  f1-score   support

           0       0.92      0.95      0.94     26224
           1       0.94      0.86      0.90     22755
           2       0.69      0.95      0.80      2665
           3       0.94      0.96      0.95      2318

    accuracy                           0.91     53962
   macro avg       0.87      0.93      0.90     53962
weighted avg       0.92      0.91      0.91     53962

confusion matrix not normalized:
[[25020  1111    52    41]
 [ 2066 19499  1086   104]
 [  120     0  2545     0]
 [   26    60     0  2232]]
confusion matrix normalized according to the true classes:
[[0.95408786 0.04236577 0.00198292 0.00156345]
 [0.09079323 0.85691057 0.04772577 0.00457042]
 [0.04502814 0.         0.95497186 0.        ]
 [0.01121657 0.02588438 0.         0.96289905]]
confusion matrix normalized according to the predicted classes:
[[0.91877203 0.0537494  0.01411892 0.01724863]
 [0.07586663 0.94334785 0.29486831 0.04375263]
 [0.00440658 0.         0.69101276 0.        ]
 [0.00095476 0.00290276 0.         0.93899874]]
confusion matrix normalized according to the whole population:
[[0.46365961 0.02058856 0.00096364 0.00075979]
 [0.0382862  0.36134687 0.02012527 0.00192728]
 [0.00222379 0.         0.04716282 0.        ]
 [0.00048182 0.00111189 0.         0.04136244]]


idModel: 4
seed: 1595774637
overlayPath: /home/lmathy/breast_cancer_analysis/overlay
dataCubePath: /home/lmathy/breast_cancer_analysis/br20832_cores
kFoldIndicesPath: /home/lmathy/breast_cancer_analysis/matlab/histology/kFoldInd3.mat
colours: 
[[103 193  66]
 [255   0   0]
 [165  55 156]
 [243 143  53]
 [194 243 174]
 [ 69 120 236]]
peakWaveQualityTest: 1655
troughWaveQualityTest: 1760
minimumQualityTest: 0.1
maximumQualityTest: 2
noiseReductionFirst: True
methodNoiseReduction: None
numberPrincipalComponents: 35
inverseTransform: True

additionalParametersNoiseReduction:

pcaClass informations: None

intervalsToSelect: 
None
normalise: False
methodSavitzkyGolayFilter: savitzky_golay_filter
smoothingPoints: 13
orderPolynomialFit: 4

additionalParametersSavitzkyGolayFilter:
deriv: 2
mode: constant
cval: 0.0

dictionaryClassesMapping: 
{(0, 1): 0, (2, 3): 1, (4,): 2, (5,): 3}
methodClassesEqualization: random_under_sampler

additionalParametersClassesEqualization:
random_state: RandomState(MT19937)

methodFeatureSelection: None

waveNumbers:
[ 912  916  920  924  928  932  936  940  944  948  952  956  960  964
  968  972  976  980  984  988  992  996 1000 1004 1008 1012 1016 1020
 1024 1028 1032 1036 1040 1044 1048 1052 1056 1060 1064 1068 1072 1076
 1080 1084 1088 1092 1096 1100 1104 1108 1112 1116 1120 1124 1128 1132
 1136 1140 1144 1148 1152 1156 1160 1164 1168 1172 1176 1180 1184 1188
 1192 1196 1200 1204 1208 1212 1216 1220 1224 1228 1232 1236 1240 1244
 1248 1252 1256 1260 1264 1268 1272 1276 1280 1284 1288 1292 1296 1300
 1304 1308 1312 1316 1320 1324 1328 1332 1336 1340 1344 1348 1352 1356
 1360 1364 1368 1372 1376 1380 1384 1388 1392 1396 1400 1404 1408 1412
 1416 1420 1424 1428 1432 1436 1440 1444 1448 1452 1456 1460 1464 1468
 1472 1476 1480 1484 1488 1492 1496 1500 1504 1508 1512 1516 1520 1524
 1528 1532 1536 1540 1544 1548 1552 1556 1560 1564 1568 1572 1576 1580
 1584 1588 1592 1596 1600 1604 1608 1612 1616 1620 1624 1628 1632 1636
 1640 1644 1648 1652 1656 1660 1664 1668 1672 1676 1680 1684 1688 1692
 1696 1700 1704 1708 1712 1716 1720 1724 1728 1732 1736 1740 1744 1748
 1752 1756 1760 1764 1768 1772 1776 1780 1784 1788 1792 1796 1800]

model: <class 'sklearn.ensemble._forest.RandomForestClassifier'>

learning model informations:
bootstrap: True
ccp_alpha: 0.0
class_weight: None
criterion: gini
max_depth: None
max_features: 5
max_leaf_nodes: None
max_samples: None
min_impurity_decrease: 0.0
min_impurity_split: None
min_samples_leaf: 20
min_samples_split: 2
min_weight_fraction_leaf: 0.0
n_estimators: 500
n_jobs: -1
oob_score: False
random_state: RandomState(MT19937)
verbose: 0
warm_start: False
              precision    recall  f1-score   support

           0       0.92      0.95      0.94     26224
           1       0.94      0.86      0.90     22755
           2       0.68      0.95      0.79      2665
           3       0.93      0.96      0.95      2318

    accuracy                           0.91     53962
   macro avg       0.87      0.93      0.90     53962
weighted avg       0.92      0.91      0.92     53962

confusion matrix not normalized:
[[24974  1130    61    59]
 [ 1938 19605  1114    98]
 [  138     0  2527     0]
 [   27    56     0  2235]]
confusion matrix normalized according to the true classes:
[[0.95233374 0.0430903  0.00232611 0.00224985]
 [0.08516809 0.86156889 0.04895627 0.00430675]
 [0.05178236 0.         0.94821764 0.        ]
 [0.01164797 0.02415876 0.         0.96419327]]
confusion matrix normalized according to the predicted classes:
[[0.92233261 0.05435044 0.01647758 0.02466555]
 [0.07157366 0.94295609 0.30091842 0.0409699 ]
 [0.00509658 0.         0.682604   0.        ]
 [0.00099716 0.00269347 0.         0.93436455]]
confusion matrix normalized according to the whole population:
[[0.46280716 0.02094066 0.00113043 0.00109336]
 [0.03591416 0.36331122 0.02064416 0.00181609]
 [0.00255736 0.         0.04682925 0.        ]
 [0.00050035 0.00103777 0.         0.04141803]]


idModel: 5
seed: 1595774637
overlayPath: /home/lmathy/breast_cancer_analysis/overlay
dataCubePath: /home/lmathy/breast_cancer_analysis/br20832_cores
kFoldIndicesPath: /home/lmathy/breast_cancer_analysis/matlab/histology/kFoldInd3.mat
colours: 
[[103 193  66]
 [255   0   0]
 [165  55 156]
 [243 143  53]
 [194 243 174]
 [ 69 120 236]]
peakWaveQualityTest: 1655
troughWaveQualityTest: 1760
minimumQualityTest: 0.1
maximumQualityTest: 2
noiseReductionFirst: True
methodNoiseReduction: None
numberPrincipalComponents: 35
inverseTransform: True

additionalParametersNoiseReduction:

pcaClass informations: None

intervalsToSelect: 
None
normalise: False
methodSavitzkyGolayFilter: savitzky_golay_filter
smoothingPoints: 13
orderPolynomialFit: 4

additionalParametersSavitzkyGolayFilter:
deriv: 2
mode: constant
cval: 0.0

dictionaryClassesMapping: 
{(0, 1): 0, (2, 3): 1, (4,): 2, (5,): 3}
methodClassesEqualization: random_under_sampler

additionalParametersClassesEqualization:
random_state: RandomState(MT19937)

methodFeatureSelection: None

waveNumbers:
[ 912  916  920  924  928  932  936  940  944  948  952  956  960  964
  968  972  976  980  984  988  992  996 1000 1004 1008 1012 1016 1020
 1024 1028 1032 1036 1040 1044 1048 1052 1056 1060 1064 1068 1072 1076
 1080 1084 1088 1092 1096 1100 1104 1108 1112 1116 1120 1124 1128 1132
 1136 1140 1144 1148 1152 1156 1160 1164 1168 1172 1176 1180 1184 1188
 1192 1196 1200 1204 1208 1212 1216 1220 1224 1228 1232 1236 1240 1244
 1248 1252 1256 1260 1264 1268 1272 1276 1280 1284 1288 1292 1296 1300
 1304 1308 1312 1316 1320 1324 1328 1332 1336 1340 1344 1348 1352 1356
 1360 1364 1368 1372 1376 1380 1384 1388 1392 1396 1400 1404 1408 1412
 1416 1420 1424 1428 1432 1436 1440 1444 1448 1452 1456 1460 1464 1468
 1472 1476 1480 1484 1488 1492 1496 1500 1504 1508 1512 1516 1520 1524
 1528 1532 1536 1540 1544 1548 1552 1556 1560 1564 1568 1572 1576 1580
 1584 1588 1592 1596 1600 1604 1608 1612 1616 1620 1624 1628 1632 1636
 1640 1644 1648 1652 1656 1660 1664 1668 1672 1676 1680 1684 1688 1692
 1696 1700 1704 1708 1712 1716 1720 1724 1728 1732 1736 1740 1744 1748
 1752 1756 1760 1764 1768 1772 1776 1780 1784 1788 1792 1796 1800]

model: <class 'sklearn.ensemble._forest.RandomForestClassifier'>

learning model informations:
bootstrap: True
ccp_alpha: 0.0
class_weight: None
criterion: gini
max_depth: None
max_features: 5
max_leaf_nodes: None
max_samples: None
min_impurity_decrease: 0.0
min_impurity_split: None
min_samples_leaf: 25
min_samples_split: 2
min_weight_fraction_leaf: 0.0
n_estimators: 500
n_jobs: -1
oob_score: False
random_state: RandomState(MT19937)
verbose: 0
warm_start: False
              precision    recall  f1-score   support

           0       0.92      0.95      0.94     26224
           1       0.94      0.86      0.90     22755
           2       0.72      0.95      0.82      2665
           3       0.94      0.96      0.95      2318

    accuracy                           0.92     53962
   macro avg       0.88      0.93      0.90     53962
weighted avg       0.92      0.92      0.92     53962

confusion matrix not normalized:
[[25007  1103    55    59]
 [ 2059 19652   953    91]
 [  120     0  2545     0]
 [   28    57     0  2233]]
confusion matrix normalized according to the true classes:
[[0.95359213 0.04206071 0.00209732 0.00224985]
 [0.09048561 0.86363437 0.04188091 0.00399912]
 [0.04502814 0.         0.95497186 0.        ]
 [0.01207938 0.02459016 0.         0.96333046]]
confusion matrix normalized according to the predicted classes:
[[0.91890204 0.05299827 0.01547988 0.02475871]
 [0.07565959 0.94426293 0.26822404 0.03818716]
 [0.0044095  0.         0.71629609 0.        ]
 [0.00102888 0.0027388  0.         0.93705413]]
confusion matrix normalized according to the whole population:
[[0.4634187  0.02044031 0.00101924 0.00109336]
 [0.03815648 0.3641822  0.01766058 0.00168637]
 [0.00222379 0.         0.04716282 0.        ]
 [0.00051888 0.0010563  0.         0.04138097]]


idModel: 6
seed: 1595774637
overlayPath: /home/lmathy/breast_cancer_analysis/overlay
dataCubePath: /home/lmathy/breast_cancer_analysis/br20832_cores
kFoldIndicesPath: /home/lmathy/breast_cancer_analysis/matlab/histology/kFoldInd3.mat
colours: 
[[103 193  66]
 [255   0   0]
 [165  55 156]
 [243 143  53]
 [194 243 174]
 [ 69 120 236]]
peakWaveQualityTest: 1655
troughWaveQualityTest: 1760
minimumQualityTest: 0.1
maximumQualityTest: 2
noiseReductionFirst: True
methodNoiseReduction: None
numberPrincipalComponents: 35
inverseTransform: True

additionalParametersNoiseReduction:

pcaClass informations: None

intervalsToSelect: 
None
normalise: False
methodSavitzkyGolayFilter: savitzky_golay_filter
smoothingPoints: 13
orderPolynomialFit: 4

additionalParametersSavitzkyGolayFilter:
deriv: 2
mode: constant
cval: 0.0

dictionaryClassesMapping: 
{(0, 1): 0, (2, 3): 1, (4,): 2, (5,): 3}
methodClassesEqualization: random_under_sampler

additionalParametersClassesEqualization:
random_state: RandomState(MT19937)

methodFeatureSelection: None

waveNumbers:
[ 912  916  920  924  928  932  936  940  944  948  952  956  960  964
  968  972  976  980  984  988  992  996 1000 1004 1008 1012 1016 1020
 1024 1028 1032 1036 1040 1044 1048 1052 1056 1060 1064 1068 1072 1076
 1080 1084 1088 1092 1096 1100 1104 1108 1112 1116 1120 1124 1128 1132
 1136 1140 1144 1148 1152 1156 1160 1164 1168 1172 1176 1180 1184 1188
 1192 1196 1200 1204 1208 1212 1216 1220 1224 1228 1232 1236 1240 1244
 1248 1252 1256 1260 1264 1268 1272 1276 1280 1284 1288 1292 1296 1300
 1304 1308 1312 1316 1320 1324 1328 1332 1336 1340 1344 1348 1352 1356
 1360 1364 1368 1372 1376 1380 1384 1388 1392 1396 1400 1404 1408 1412
 1416 1420 1424 1428 1432 1436 1440 1444 1448 1452 1456 1460 1464 1468
 1472 1476 1480 1484 1488 1492 1496 1500 1504 1508 1512 1516 1520 1524
 1528 1532 1536 1540 1544 1548 1552 1556 1560 1564 1568 1572 1576 1580
 1584 1588 1592 1596 1600 1604 1608 1612 1616 1620 1624 1628 1632 1636
 1640 1644 1648 1652 1656 1660 1664 1668 1672 1676 1680 1684 1688 1692
 1696 1700 1704 1708 1712 1716 1720 1724 1728 1732 1736 1740 1744 1748
 1752 1756 1760 1764 1768 1772 1776 1780 1784 1788 1792 1796 1800]

model: <class 'sklearn.ensemble._forest.RandomForestClassifier'>

learning model informations:
bootstrap: True
ccp_alpha: 0.0
class_weight: None
criterion: gini
max_depth: None
max_features: 5
max_leaf_nodes: None
max_samples: None
min_impurity_decrease: 0.0
min_impurity_split: None
min_samples_leaf: 30
min_samples_split: 2
min_weight_fraction_leaf: 0.0
n_estimators: 500
n_jobs: -1
oob_score: False
random_state: RandomState(MT19937)
verbose: 0
warm_start: False
              precision    recall  f1-score   support

           0       0.92      0.95      0.94     26224
           1       0.94      0.86      0.90     22755
           2       0.68      0.95      0.80      2665
           3       0.94      0.96      0.95      2318

    accuracy                           0.91     53962
   macro avg       0.87      0.93      0.90     53962
weighted avg       0.92      0.91      0.92     53962

confusion matrix not normalized:
[[24963  1083   111    67]
 [ 2006 19611  1060    78]
 [  128     0  2537     0]
 [   27    64     0  2227]]
confusion matrix normalized according to the true classes:
[[0.95191428 0.04129805 0.00423276 0.00255491]
 [0.08815645 0.86183256 0.04658317 0.00342782]
 [0.04803002 0.         0.95196998 0.        ]
 [0.01164797 0.02761001 0.         0.96074202]]
confusion matrix normalized according to the predicted classes:
[[0.92032886 0.05217266 0.02993528 0.02824621]
 [0.07395664 0.9447442  0.28586839 0.03288364]
 [0.00471907 0.         0.68419633 0.        ]
 [0.00099543 0.00308315 0.         0.93887015]]
confusion matrix normalized according to the whole population:
[[0.46260331 0.02006968 0.002057   0.00124161]
 [0.03717431 0.36342241 0.01964345 0.00144546]
 [0.00237204 0.         0.04701457 0.        ]
 [0.00050035 0.00118602 0.         0.04126978]]


idModel: 7
seed: 1595774637
overlayPath: /home/lmathy/breast_cancer_analysis/overlay
dataCubePath: /home/lmathy/breast_cancer_analysis/br20832_cores
kFoldIndicesPath: /home/lmathy/breast_cancer_analysis/matlab/histology/kFoldInd3.mat
colours: 
[[103 193  66]
 [255   0   0]
 [165  55 156]
 [243 143  53]
 [194 243 174]
 [ 69 120 236]]
peakWaveQualityTest: 1655
troughWaveQualityTest: 1760
minimumQualityTest: 0.1
maximumQualityTest: 2
noiseReductionFirst: True
methodNoiseReduction: None
numberPrincipalComponents: 35
inverseTransform: True

additionalParametersNoiseReduction:

pcaClass informations: None

intervalsToSelect: 
None
normalise: False
methodSavitzkyGolayFilter: savitzky_golay_filter
smoothingPoints: 13
orderPolynomialFit: 4

additionalParametersSavitzkyGolayFilter:
deriv: 2
mode: constant
cval: 0.0

dictionaryClassesMapping: 
{(0, 1): 0, (2, 3): 1, (4,): 2, (5,): 3}
methodClassesEqualization: random_under_sampler

additionalParametersClassesEqualization:
random_state: RandomState(MT19937)

methodFeatureSelection: None

waveNumbers:
[ 912  916  920  924  928  932  936  940  944  948  952  956  960  964
  968  972  976  980  984  988  992  996 1000 1004 1008 1012 1016 1020
 1024 1028 1032 1036 1040 1044 1048 1052 1056 1060 1064 1068 1072 1076
 1080 1084 1088 1092 1096 1100 1104 1108 1112 1116 1120 1124 1128 1132
 1136 1140 1144 1148 1152 1156 1160 1164 1168 1172 1176 1180 1184 1188
 1192 1196 1200 1204 1208 1212 1216 1220 1224 1228 1232 1236 1240 1244
 1248 1252 1256 1260 1264 1268 1272 1276 1280 1284 1288 1292 1296 1300
 1304 1308 1312 1316 1320 1324 1328 1332 1336 1340 1344 1348 1352 1356
 1360 1364 1368 1372 1376 1380 1384 1388 1392 1396 1400 1404 1408 1412
 1416 1420 1424 1428 1432 1436 1440 1444 1448 1452 1456 1460 1464 1468
 1472 1476 1480 1484 1488 1492 1496 1500 1504 1508 1512 1516 1520 1524
 1528 1532 1536 1540 1544 1548 1552 1556 1560 1564 1568 1572 1576 1580
 1584 1588 1592 1596 1600 1604 1608 1612 1616 1620 1624 1628 1632 1636
 1640 1644 1648 1652 1656 1660 1664 1668 1672 1676 1680 1684 1688 1692
 1696 1700 1704 1708 1712 1716 1720 1724 1728 1732 1736 1740 1744 1748
 1752 1756 1760 1764 1768 1772 1776 1780 1784 1788 1792 1796 1800]

model: <class 'sklearn.ensemble._forest.RandomForestClassifier'>

learning model informations:
bootstrap: True
ccp_alpha: 0.0
class_weight: None
criterion: gini
max_depth: None
max_features: 5
max_leaf_nodes: None
max_samples: None
min_impurity_decrease: 0.0
min_impurity_split: None
min_samples_leaf: 35
min_samples_split: 2
min_weight_fraction_leaf: 0.0
n_estimators: 500
n_jobs: -1
oob_score: False
random_state: RandomState(MT19937)
verbose: 0
warm_start: False
              precision    recall  f1-score   support

           0       0.91      0.95      0.93     26224
           1       0.94      0.85      0.90     22755
           2       0.67      0.95      0.79      2665
           3       0.95      0.96      0.95      2318

    accuracy                           0.91     53962
   macro avg       0.87      0.93      0.89     53962
weighted avg       0.92      0.91      0.91     53962

confusion matrix not normalized:
[[24988  1080   101    55]
 [ 2176 19383  1123    73]
 [  123     0  2542     0]
 [   26    60     0  2232]]
confusion matrix normalized according to the true classes:
[[0.9528676  0.04118365 0.00385143 0.00209732]
 [0.09562733 0.85181279 0.04935179 0.00320809]
 [0.04615385 0.         0.95384615 0.        ]
 [0.01121657 0.02588438 0.         0.96289905]]
confusion matrix normalized according to the predicted classes:
[[0.9148757  0.05262389 0.02681891 0.02330508]
 [0.07966902 0.94445257 0.29819437 0.0309322 ]
 [0.00450335 0.         0.67498672 0.        ]
 [0.00095193 0.00292355 0.         0.94576271]]
confusion matrix normalized according to the whole population:
[[0.4630666  0.02001408 0.00187169 0.00101924]
 [0.04032467 0.35919721 0.02081094 0.0013528 ]
 [0.00227938 0.         0.04710722 0.        ]
 [0.00048182 0.00111189 0.         0.04136244]]


idModel: 8
seed: 1595774637
overlayPath: /home/lmathy/breast_cancer_analysis/overlay
dataCubePath: /home/lmathy/breast_cancer_analysis/br20832_cores
kFoldIndicesPath: /home/lmathy/breast_cancer_analysis/matlab/histology/kFoldInd3.mat
colours: 
[[103 193  66]
 [255   0   0]
 [165  55 156]
 [243 143  53]
 [194 243 174]
 [ 69 120 236]]
peakWaveQualityTest: 1655
troughWaveQualityTest: 1760
minimumQualityTest: 0.1
maximumQualityTest: 2
noiseReductionFirst: True
methodNoiseReduction: None
numberPrincipalComponents: 35
inverseTransform: True

additionalParametersNoiseReduction:

pcaClass informations: None

intervalsToSelect: 
None
normalise: False
methodSavitzkyGolayFilter: savitzky_golay_filter
smoothingPoints: 13
orderPolynomialFit: 4

additionalParametersSavitzkyGolayFilter:
deriv: 2
mode: constant
cval: 0.0

dictionaryClassesMapping: 
{(0, 1): 0, (2, 3): 1, (4,): 2, (5,): 3}
methodClassesEqualization: random_under_sampler

additionalParametersClassesEqualization:
random_state: RandomState(MT19937)

methodFeatureSelection: None

waveNumbers:
[ 912  916  920  924  928  932  936  940  944  948  952  956  960  964
  968  972  976  980  984  988  992  996 1000 1004 1008 1012 1016 1020
 1024 1028 1032 1036 1040 1044 1048 1052 1056 1060 1064 1068 1072 1076
 1080 1084 1088 1092 1096 1100 1104 1108 1112 1116 1120 1124 1128 1132
 1136 1140 1144 1148 1152 1156 1160 1164 1168 1172 1176 1180 1184 1188
 1192 1196 1200 1204 1208 1212 1216 1220 1224 1228 1232 1236 1240 1244
 1248 1252 1256 1260 1264 1268 1272 1276 1280 1284 1288 1292 1296 1300
 1304 1308 1312 1316 1320 1324 1328 1332 1336 1340 1344 1348 1352 1356
 1360 1364 1368 1372 1376 1380 1384 1388 1392 1396 1400 1404 1408 1412
 1416 1420 1424 1428 1432 1436 1440 1444 1448 1452 1456 1460 1464 1468
 1472 1476 1480 1484 1488 1492 1496 1500 1504 1508 1512 1516 1520 1524
 1528 1532 1536 1540 1544 1548 1552 1556 1560 1564 1568 1572 1576 1580
 1584 1588 1592 1596 1600 1604 1608 1612 1616 1620 1624 1628 1632 1636
 1640 1644 1648 1652 1656 1660 1664 1668 1672 1676 1680 1684 1688 1692
 1696 1700 1704 1708 1712 1716 1720 1724 1728 1732 1736 1740 1744 1748
 1752 1756 1760 1764 1768 1772 1776 1780 1784 1788 1792 1796 1800]

model: <class 'sklearn.ensemble._forest.RandomForestClassifier'>

learning model informations:
bootstrap: True
ccp_alpha: 0.0
class_weight: None
criterion: gini
max_depth: None
max_features: 5
max_leaf_nodes: None
max_samples: None
min_impurity_decrease: 0.0
min_impurity_split: None
min_samples_leaf: 40
min_samples_split: 2
min_weight_fraction_leaf: 0.0
n_estimators: 500
n_jobs: -1
oob_score: False
random_state: RandomState(MT19937)
verbose: 0
warm_start: False
              precision    recall  f1-score   support

           0       0.92      0.95      0.93     26224
           1       0.95      0.86      0.90     22755
           2       0.68      0.95      0.79      2665
           3       0.95      0.96      0.96      2318

    accuracy                           0.91     53962
   macro avg       0.87      0.93      0.90     53962
weighted avg       0.92      0.91      0.91     53962

confusion matrix not normalized:
[[24978  1062   114    70]
 [ 2101 19515  1091    48]
 [  129     0  2536     0]
 [   27    57     0  2234]]
confusion matrix normalized according to the true classes:
[[0.95248627 0.04049725 0.00434716 0.00266931]
 [0.09233136 0.85761371 0.04794551 0.00210943]
 [0.04840525 0.         0.95159475 0.        ]
 [0.01164797 0.02459016 0.         0.96376186]]
confusion matrix normalized according to the predicted classes:
[[0.91712869 0.05146845 0.03047314 0.0297619 ]
 [0.07714338 0.94576912 0.29163325 0.02040816]
 [0.00473655 0.         0.67789361 0.        ]
 [0.00099137 0.00276243 0.         0.94982993]]
confusion matrix normalized according to the whole population:
[[0.46288129 0.01968052 0.0021126  0.00129721]
 [0.03893481 0.36164338 0.02021793 0.00088951]
 [0.00239057 0.         0.04699603 0.        ]
 [0.00050035 0.0010563  0.         0.0413995 ]]


idModel: 9
seed: 1595774637
overlayPath: /home/lmathy/breast_cancer_analysis/overlay
dataCubePath: /home/lmathy/breast_cancer_analysis/br20832_cores
kFoldIndicesPath: /home/lmathy/breast_cancer_analysis/matlab/histology/kFoldInd3.mat
colours: 
[[103 193  66]
 [255   0   0]
 [165  55 156]
 [243 143  53]
 [194 243 174]
 [ 69 120 236]]
peakWaveQualityTest: 1655
troughWaveQualityTest: 1760
minimumQualityTest: 0.1
maximumQualityTest: 2
noiseReductionFirst: True
methodNoiseReduction: None
numberPrincipalComponents: 35
inverseTransform: True

additionalParametersNoiseReduction:

pcaClass informations: None

intervalsToSelect: 
None
normalise: False
methodSavitzkyGolayFilter: savitzky_golay_filter
smoothingPoints: 13
orderPolynomialFit: 4

additionalParametersSavitzkyGolayFilter:
deriv: 2
mode: constant
cval: 0.0

dictionaryClassesMapping: 
{(0, 1): 0, (2, 3): 1, (4,): 2, (5,): 3}
methodClassesEqualization: random_under_sampler

additionalParametersClassesEqualization:
random_state: RandomState(MT19937)

methodFeatureSelection: None

waveNumbers:
[ 912  916  920  924  928  932  936  940  944  948  952  956  960  964
  968  972  976  980  984  988  992  996 1000 1004 1008 1012 1016 1020
 1024 1028 1032 1036 1040 1044 1048 1052 1056 1060 1064 1068 1072 1076
 1080 1084 1088 1092 1096 1100 1104 1108 1112 1116 1120 1124 1128 1132
 1136 1140 1144 1148 1152 1156 1160 1164 1168 1172 1176 1180 1184 1188
 1192 1196 1200 1204 1208 1212 1216 1220 1224 1228 1232 1236 1240 1244
 1248 1252 1256 1260 1264 1268 1272 1276 1280 1284 1288 1292 1296 1300
 1304 1308 1312 1316 1320 1324 1328 1332 1336 1340 1344 1348 1352 1356
 1360 1364 1368 1372 1376 1380 1384 1388 1392 1396 1400 1404 1408 1412
 1416 1420 1424 1428 1432 1436 1440 1444 1448 1452 1456 1460 1464 1468
 1472 1476 1480 1484 1488 1492 1496 1500 1504 1508 1512 1516 1520 1524
 1528 1532 1536 1540 1544 1548 1552 1556 1560 1564 1568 1572 1576 1580
 1584 1588 1592 1596 1600 1604 1608 1612 1616 1620 1624 1628 1632 1636
 1640 1644 1648 1652 1656 1660 1664 1668 1672 1676 1680 1684 1688 1692
 1696 1700 1704 1708 1712 1716 1720 1724 1728 1732 1736 1740 1744 1748
 1752 1756 1760 1764 1768 1772 1776 1780 1784 1788 1792 1796 1800]

model: <class 'sklearn.ensemble._forest.RandomForestClassifier'>

learning model informations:
bootstrap: True
ccp_alpha: 0.0
class_weight: None
criterion: gini
max_depth: None
max_features: 5
max_leaf_nodes: None
max_samples: None
min_impurity_decrease: 0.0
min_impurity_split: None
min_samples_leaf: 45
min_samples_split: 2
min_weight_fraction_leaf: 0.0
n_estimators: 500
n_jobs: -1
oob_score: False
random_state: RandomState(MT19937)
verbose: 0
warm_start: False
              precision    recall  f1-score   support

           0       0.91      0.95      0.93     26224
           1       0.95      0.85      0.89     22755
           2       0.68      0.95      0.79      2665
           3       0.94      0.97      0.96      2318

    accuracy                           0.91     53962
   macro avg       0.87      0.93      0.89     53962
weighted avg       0.92      0.91      0.91     53962

confusion matrix not normalized:
[[25025  1062    70    67]
 [ 2264 19280  1147    64]
 [  128     0  2537     0]
 [   26    49     0  2243]]
confusion matrix normalized according to the true classes:
[[0.95427852 0.04049725 0.00266931 0.00255491]
 [0.09949462 0.84728631 0.0504065  0.00281257]
 [0.04803002 0.         0.95196998 0.        ]
 [0.01121657 0.02113891 0.         0.96764452]]
confusion matrix normalized according to the predicted classes:
[[0.9118901  0.0520818  0.01864678 0.02822241]
 [0.08249827 0.94551518 0.30554076 0.02695872]
 [0.00466421 0.         0.67581247 0.        ]
 [0.00094742 0.00240302 0.         0.94481887]]
confusion matrix normalized according to the whole population:
