idModel: 0
seed: 1595689406
overlayPath: /home/lmathy/breast_cancer_analysis/overlay
dataCubePath: /home/lmathy/breast_cancer_analysis/br20832_cores
kFoldIndicesPath: /home/lmathy/breast_cancer_analysis/matlab/histology/kFoldInd3.mat
colours: 
[[103 193  66]
 [255   0   0]
 [165  55 156]
 [243 143  53]
 [194 243 174]
 [ 69 120 236]]
peakWaveQualityTest: 1655
troughWaveQualityTest: 1760
minimumQualityTest: 0.1
maximumQualityTest: 2
noiseReductionFirst: True
methodNoiseReduction: sklearn_pca
numberPrincipalComponents: 35
inverseTransform: True

additionalParametersNoiseReduction:
random_state: RandomState(MT19937)

pcaClass informations:
copy: True
iterated_power: auto
n_components: 35
random_state: RandomState(MT19937)
svd_solver: auto
tol: 0.0
whiten: False

intervalsToSelect: 
[[1000 1350]
 [1490 1800]]
normalise: True
methodSavitzkyGolayFilter: None
smoothingPoints: 9
orderPolynomialFit: 4

additionalParametersSavitzkyGolayFilter:

dictionaryClassesMapping: 
{(0, 1): 0, (2, 3): 1, (4,): 2, (5,): 3}
methodClassesEqualization: random_under_sampler

additionalParametersClassesEqualization:
random_state: RandomState(MT19937)

methodFeatureSelection: None

waveNumbers:
[1000 1004 1008 1012 1016 1020 1024 1028 1032 1036 1040 1044 1048 1052
 1056 1060 1064 1068 1072 1076 1080 1084 1088 1092 1096 1100 1104 1108
 1112 1116 1120 1124 1128 1132 1136 1140 1144 1148 1152 1156 1160 1164
 1168 1172 1176 1180 1184 1188 1192 1196 1200 1204 1208 1212 1216 1220
 1224 1228 1232 1236 1240 1244 1248 1252 1256 1260 1264 1268 1272 1276
 1280 1284 1288 1292 1296 1300 1304 1308 1312 1316 1320 1324 1328 1332
 1336 1340 1344 1348 1352 1492 1496 1500 1504 1508 1512 1516 1520 1524
 1528 1532 1536 1540 1544 1548 1552 1556 1560 1564 1568 1572 1576 1580
 1584 1588 1592 1596 1600 1604 1608 1612 1616 1620 1624 1628 1632 1636
 1640 1644 1648 1652 1656 1660 1664 1668 1672 1676 1680 1684 1688 1692
 1696 1700 1704 1708 1712 1716 1720 1724 1728 1732 1736 1740 1744 1748
 1752 1756 1760 1764 1768 1772 1776 1780 1784 1788 1792 1796 1800]

model: <class 'sklearn.ensemble._forest.RandomForestClassifier'>

learning model informations:
bootstrap: True
ccp_alpha: 0.0
class_weight: None
criterion: gini
max_depth: None
max_features: 15
max_leaf_nodes: None
max_samples: None
min_impurity_decrease: 0.0
min_impurity_split: None
min_samples_leaf: 10
min_samples_split: 2
min_weight_fraction_leaf: 0.0
n_estimators: 500
n_jobs: -1
oob_score: False
random_state: RandomState(MT19937)
verbose: 0
warm_start: False
              precision    recall  f1-score   support

           0       0.83      0.85      0.84     26224
           1       0.90      0.73      0.80     22755
           2       0.41      0.73      0.53      2665
           3       0.53      0.89      0.66      2318

    accuracy                           0.79     53962
   macro avg       0.67      0.80      0.71     53962
weighted avg       0.82      0.79      0.80     53962

confusion matrix not normalized:
[[22276  1797  1420   731]
 [ 3765 16541  1327  1122]
 [  722     0  1943     0]
 [  221    31     0  2066]]
confusion matrix normalized according to the true classes:
[[0.84945088 0.06852502 0.05414887 0.02787523]
 [0.16545814 0.72691716 0.05831685 0.04930784]
 [0.27091932 0.         0.72908068 0.        ]
 [0.09534081 0.0133736  0.         0.89128559]]
confusion matrix normalized according to the predicted classes:
[[0.82552624 0.09782786 0.30277186 0.18652718]
 [0.13952713 0.90048451 0.28294243 0.28629752]
 [0.0267566  0.         0.41428571 0.        ]
 [0.00819004 0.00168763 0.         0.5271753 ]]
confusion matrix normalized according to the whole population:
[[0.41280901 0.03330121 0.02631481 0.01354657]
 [0.06977132 0.30653052 0.02459138 0.02079241]
 [0.01337979 0.         0.03600682 0.        ]
 [0.00409547 0.00057448 0.         0.0382862 ]]


