idModel: 0
seed: 1595776415
overlayPath: /home/lmathy/breast_cancer_analysis/overlay
dataCubePath: /home/lmathy/breast_cancer_analysis/br20832_cores
kFoldIndicesPath: /home/lmathy/breast_cancer_analysis/matlab/histology/kFoldInd3.mat
colours: 
[[103 193  66]
 [255   0   0]
 [165  55 156]
 [243 143  53]
 [194 243 174]
 [ 69 120 236]]
peakWaveQualityTest: 1655
troughWaveQualityTest: 1760
minimumQualityTest: 0.1
maximumQualityTest: 2
noiseReductionFirst: True
methodNoiseReduction: None
numberPrincipalComponents: 35
inverseTransform: True

additionalParametersNoiseReduction:

pcaClass informations: None

intervalsToSelect: 
None
normalise: False
methodSavitzkyGolayFilter: savitzky_golay_filter
smoothingPoints: 13
orderPolynomialFit: 4

additionalParametersSavitzkyGolayFilter:
deriv: 2
mode: constant
cval: 0.0

dictionaryClassesMapping: 
{(0, 1): 0, (2, 3): 1, (4,): 2, (5,): 3}
methodClassesEqualization: random_under_sampler

additionalParametersClassesEqualization:
random_state: RandomState(MT19937)

methodFeatureSelection: None

waveNumbers:
[ 912  916  920  924  928  932  936  940  944  948  952  956  960  964
  968  972  976  980  984  988  992  996 1000 1004 1008 1012 1016 1020
 1024 1028 1032 1036 1040 1044 1048 1052 1056 1060 1064 1068 1072 1076
 1080 1084 1088 1092 1096 1100 1104 1108 1112 1116 1120 1124 1128 1132
 1136 1140 1144 1148 1152 1156 1160 1164 1168 1172 1176 1180 1184 1188
 1192 1196 1200 1204 1208 1212 1216 1220 1224 1228 1232 1236 1240 1244
 1248 1252 1256 1260 1264 1268 1272 1276 1280 1284 1288 1292 1296 1300
 1304 1308 1312 1316 1320 1324 1328 1332 1336 1340 1344 1348 1352 1356
 1360 1364 1368 1372 1376 1380 1384 1388 1392 1396 1400 1404 1408 1412
 1416 1420 1424 1428 1432 1436 1440 1444 1448 1452 1456 1460 1464 1468
 1472 1476 1480 1484 1488 1492 1496 1500 1504 1508 1512 1516 1520 1524
 1528 1532 1536 1540 1544 1548 1552 1556 1560 1564 1568 1572 1576 1580
 1584 1588 1592 1596 1600 1604 1608 1612 1616 1620 1624 1628 1632 1636
 1640 1644 1648 1652 1656 1660 1664 1668 1672 1676 1680 1684 1688 1692
 1696 1700 1704 1708 1712 1716 1720 1724 1728 1732 1736 1740 1744 1748
 1752 1756 1760 1764 1768 1772 1776 1780 1784 1788 1792 1796 1800]

model: <class 'sklearn.ensemble._forest.ExtraTreesClassifier'>

learning model informations:
bootstrap: False
ccp_alpha: 0.0
class_weight: None
criterion: gini
max_depth: None
max_features: 5
max_leaf_nodes: None
max_samples: None
min_impurity_decrease: 0.0
min_impurity_split: None
min_samples_leaf: 1
min_samples_split: 2
min_weight_fraction_leaf: 0.0
n_estimators: 500
n_jobs: -1
oob_score: False
random_state: RandomState(MT19937)
verbose: 0
warm_start: False
              precision    recall  f1-score   support

           0       0.91      0.96      0.93     26224
           1       0.95      0.85      0.90     22755
           2       0.73      0.92      0.81      2665
           3       0.93      0.95      0.94      2318

    accuracy                           0.91     53962
   macro avg       0.88      0.92      0.90     53962
weighted avg       0.92      0.91      0.91     53962

confusion matrix not normalized:
[[25186  1008     5    25]
 [ 2286 19444   896   129]
 [  221     0  2444     0]
 [   41    65     0  2212]]
confusion matrix normalized according to the true classes:
[[9.60417938e-01 3.84380720e-02 1.90665040e-04 9.53325198e-04]
 [1.00461437e-01 8.54493518e-01 3.93759613e-02 5.66908372e-03]
 [8.29268293e-02 0.00000000e+00 9.17073171e-01 0.00000000e+00]
 [1.76876618e-02 2.80414150e-02 0.00000000e+00 9.54270923e-01]]
confusion matrix normalized according to the predicted classes:
[[0.90812721 0.04912999 0.00149477 0.01056636]
 [0.0824259  0.94770191 0.26786248 0.0545224 ]
 [0.00796856 0.         0.73064275 0.        ]
 [0.00147833 0.0031681  0.         0.93491124]]
confusion matrix normalized according to the whole population:
[[4.66735851e-01 1.86798117e-02 9.26577962e-05 4.63288981e-04]
 [4.23631444e-02 3.60327638e-01 1.66042771e-02 2.39057114e-03]
 [4.09547459e-03 0.00000000e+00 4.52911308e-02 0.00000000e+00]
 [7.59793929e-04 1.20455135e-03 0.00000000e+00 4.09918091e-02]]


idModel: 1
seed: 1595776415
overlayPath: /home/lmathy/breast_cancer_analysis/overlay
dataCubePath: /home/lmathy/breast_cancer_analysis/br20832_cores
kFoldIndicesPath: /home/lmathy/breast_cancer_analysis/matlab/histology/kFoldInd3.mat
colours: 
[[103 193  66]
 [255   0   0]
 [165  55 156]
 [243 143  53]
 [194 243 174]
 [ 69 120 236]]
peakWaveQualityTest: 1655
troughWaveQualityTest: 1760
minimumQualityTest: 0.1
maximumQualityTest: 2
noiseReductionFirst: True
methodNoiseReduction: None
numberPrincipalComponents: 35
inverseTransform: True

additionalParametersNoiseReduction:

pcaClass informations: None

intervalsToSelect: 
None
normalise: False
methodSavitzkyGolayFilter: savitzky_golay_filter
smoothingPoints: 13
orderPolynomialFit: 4

additionalParametersSavitzkyGolayFilter:
deriv: 2
mode: constant
cval: 0.0

dictionaryClassesMapping: 
{(0, 1): 0, (2, 3): 1, (4,): 2, (5,): 3}
methodClassesEqualization: random_under_sampler

additionalParametersClassesEqualization:
random_state: RandomState(MT19937)

methodFeatureSelection: None

waveNumbers:
[ 912  916  920  924  928  932  936  940  944  948  952  956  960  964
  968  972  976  980  984  988  992  996 1000 1004 1008 1012 1016 1020
 1024 1028 1032 1036 1040 1044 1048 1052 1056 1060 1064 1068 1072 1076
 1080 1084 1088 1092 1096 1100 1104 1108 1112 1116 1120 1124 1128 1132
 1136 1140 1144 1148 1152 1156 1160 1164 1168 1172 1176 1180 1184 1188
 1192 1196 1200 1204 1208 1212 1216 1220 1224 1228 1232 1236 1240 1244
 1248 1252 1256 1260 1264 1268 1272 1276 1280 1284 1288 1292 1296 1300
 1304 1308 1312 1316 1320 1324 1328 1332 1336 1340 1344 1348 1352 1356
 1360 1364 1368 1372 1376 1380 1384 1388 1392 1396 1400 1404 1408 1412
 1416 1420 1424 1428 1432 1436 1440 1444 1448 1452 1456 1460 1464 1468
 1472 1476 1480 1484 1488 1492 1496 1500 1504 1508 1512 1516 1520 1524
 1528 1532 1536 1540 1544 1548 1552 1556 1560 1564 1568 1572 1576 1580
 1584 1588 1592 1596 1600 1604 1608 1612 1616 1620 1624 1628 1632 1636
 1640 1644 1648 1652 1656 1660 1664 1668 1672 1676 1680 1684 1688 1692
 1696 1700 1704 1708 1712 1716 1720 1724 1728 1732 1736 1740 1744 1748
 1752 1756 1760 1764 1768 1772 1776 1780 1784 1788 1792 1796 1800]

model: <class 'sklearn.ensemble._forest.ExtraTreesClassifier'>

learning model informations:
bootstrap: False
ccp_alpha: 0.0
class_weight: None
criterion: gini
max_depth: None
max_features: 5
max_leaf_nodes: None
max_samples: None
min_impurity_decrease: 0.0
min_impurity_split: None
min_samples_leaf: 5
min_samples_split: 2
min_weight_fraction_leaf: 0.0
n_estimators: 500
n_jobs: -1
oob_score: False
random_state: RandomState(MT19937)
verbose: 0
warm_start: False
              precision    recall  f1-score   support

           0       0.91      0.96      0.93     26224
           1       0.95      0.84      0.89     22755
           2       0.69      0.94      0.80      2665
           3       0.98      0.97      0.97      2318

    accuracy                           0.91     53962
   macro avg       0.88      0.93      0.90     53962
weighted avg       0.92      0.91      0.91     53962

confusion matrix not normalized:
[[25199   980    14    31]
 [ 2395 19226  1109    25]
 [  154     0  2511     0]
 [   35    44     0  2239]]
confusion matrix normalized according to the true classes:
[[9.60913667e-01 3.73703478e-02 5.33862111e-04 1.18212325e-03]
 [1.05251593e-01 8.44913206e-01 4.87365414e-02 1.09865964e-03]
 [5.77861163e-02 0.00000000e+00 9.42213884e-01 0.00000000e+00]
 [1.50992235e-02 1.89818809e-02 0.00000000e+00 9.65918896e-01]]
confusion matrix normalized according to the predicted classes:
[[0.90699349 0.04839506 0.0038525  0.01350763]
 [0.08620379 0.9494321  0.30517336 0.01089325]
 [0.00554296 0.         0.69097413 0.        ]
 [0.00125976 0.00217284 0.         0.97559913]]
confusion matrix normalized according to the whole population:
[[4.66976761e-01 1.81609281e-02 2.59441829e-04 5.74478337e-04]
 [4.43830844e-02 3.56287758e-01 2.05514992e-02 4.63288981e-04]
 [2.85386012e-03 0.00000000e+00 4.65327453e-02 0.00000000e+00]
 [6.48604574e-04 8.15388607e-04 0.00000000e+00 4.14921612e-02]]


idModel: 2
seed: 1595776415
overlayPath: /home/lmathy/breast_cancer_analysis/overlay
dataCubePath: /home/lmathy/breast_cancer_analysis/br20832_cores
kFoldIndicesPath: /home/lmathy/breast_cancer_analysis/matlab/histology/kFoldInd3.mat
colours: 
[[103 193  66]
 [255   0   0]
 [165  55 156]
 [243 143  53]
 [194 243 174]
 [ 69 120 236]]
peakWaveQualityTest: 1655
troughWaveQualityTest: 1760
minimumQualityTest: 0.1
maximumQualityTest: 2
noiseReductionFirst: True
methodNoiseReduction: None
numberPrincipalComponents: 35
inverseTransform: True

additionalParametersNoiseReduction:

pcaClass informations: None

intervalsToSelect: 
None
normalise: False
methodSavitzkyGolayFilter: savitzky_golay_filter
smoothingPoints: 13
orderPolynomialFit: 4

additionalParametersSavitzkyGolayFilter:
deriv: 2
mode: constant
cval: 0.0

dictionaryClassesMapping: 
{(0, 1): 0, (2, 3): 1, (4,): 2, (5,): 3}
methodClassesEqualization: random_under_sampler

additionalParametersClassesEqualization:
random_state: RandomState(MT19937)

methodFeatureSelection: None

waveNumbers:
[ 912  916  920  924  928  932  936  940  944  948  952  956  960  964
  968  972  976  980  984  988  992  996 1000 1004 1008 1012 1016 1020
 1024 1028 1032 1036 1040 1044 1048 1052 1056 1060 1064 1068 1072 1076
 1080 1084 1088 1092 1096 1100 1104 1108 1112 1116 1120 1124 1128 1132
 1136 1140 1144 1148 1152 1156 1160 1164 1168 1172 1176 1180 1184 1188
 1192 1196 1200 1204 1208 1212 1216 1220 1224 1228 1232 1236 1240 1244
 1248 1252 1256 1260 1264 1268 1272 1276 1280 1284 1288 1292 1296 1300
 1304 1308 1312 1316 1320 1324 1328 1332 1336 1340 1344 1348 1352 1356
 1360 1364 1368 1372 1376 1380 1384 1388 1392 1396 1400 1404 1408 1412
 1416 1420 1424 1428 1432 1436 1440 1444 1448 1452 1456 1460 1464 1468
 1472 1476 1480 1484 1488 1492 1496 1500 1504 1508 1512 1516 1520 1524
 1528 1532 1536 1540 1544 1548 1552 1556 1560 1564 1568 1572 1576 1580
 1584 1588 1592 1596 1600 1604 1608 1612 1616 1620 1624 1628 1632 1636
 1640 1644 1648 1652 1656 1660 1664 1668 1672 1676 1680 1684 1688 1692
 1696 1700 1704 1708 1712 1716 1720 1724 1728 1732 1736 1740 1744 1748
 1752 1756 1760 1764 1768 1772 1776 1780 1784 1788 1792 1796 1800]

model: <class 'sklearn.ensemble._forest.ExtraTreesClassifier'>

learning model informations:
bootstrap: False
ccp_alpha: 0.0
class_weight: None
criterion: gini
max_depth: None
max_features: 5
max_leaf_nodes: None
max_samples: None
min_impurity_decrease: 0.0
min_impurity_split: None
min_samples_leaf: 10
min_samples_split: 2
min_weight_fraction_leaf: 0.0
n_estimators: 500
n_jobs: -1
oob_score: False
random_state: RandomState(MT19937)
verbose: 0
warm_start: False
              precision    recall  f1-score   support

           0       0.90      0.96      0.93     26224
           1       0.95      0.84      0.89     22755
           2       0.69      0.94      0.79      2665
           3       0.97      0.97      0.97      2318

    accuracy                           0.91     53962
   macro avg       0.88      0.93      0.90     53962
weighted avg       0.91      0.91      0.91     53962

confusion matrix not normalized:
[[25175   966    25    58]
 [ 2529 19081  1126    19]
 [  150     0  2515     0]
 [   41    27     0  2250]]
confusion matrix normalized according to the true classes:
[[9.59998475e-01 3.68364857e-02 9.53325198e-04 2.21171446e-03]
 [1.11140409e-01 8.38540980e-01 4.94836300e-02 8.34981323e-04]
 [5.62851782e-02 0.00000000e+00 9.43714822e-01 0.00000000e+00]
 [1.76876618e-02 1.16479724e-02 0.00000000e+00 9.70664366e-01]]
confusion matrix normalized according to the predicted classes:
[[0.90249149 0.04812195 0.00681942 0.0249248 ]
 [0.09066141 0.95053303 0.30714675 0.00816502]
 [0.00537731 0.         0.68603382 0.        ]
 [0.0014698  0.00134502 0.         0.96691018]]
confusion matrix normalized according to the whole population:
[[4.66532004e-01 1.79014862e-02 4.63288981e-04 1.07483044e-03]
 [4.68663133e-02 3.53600682e-01 2.08665357e-02 3.52099626e-04]
 [2.77973389e-03 0.00000000e+00 4.66068715e-02 0.00000000e+00]
 [7.59793929e-04 5.00352100e-04 0.00000000e+00 4.16960083e-02]]


idModel: 3
seed: 1595776415
overlayPath: /home/lmathy/breast_cancer_analysis/overlay
dataCubePath: /home/lmathy/breast_cancer_analysis/br20832_cores
kFoldIndicesPath: /home/lmathy/breast_cancer_analysis/matlab/histology/kFoldInd3.mat
colours: 
[[103 193  66]
 [255   0   0]
 [165  55 156]
 [243 143  53]
 [194 243 174]
 [ 69 120 236]]
peakWaveQualityTest: 1655
troughWaveQualityTest: 1760
minimumQualityTest: 0.1
maximumQualityTest: 2
noiseReductionFirst: True
methodNoiseReduction: None
numberPrincipalComponents: 35
inverseTransform: True

additionalParametersNoiseReduction:

pcaClass informations: None

intervalsToSelect: 
None
normalise: False
methodSavitzkyGolayFilter: savitzky_golay_filter
smoothingPoints: 13
orderPolynomialFit: 4

additionalParametersSavitzkyGolayFilter:
deriv: 2
mode: constant
cval: 0.0

dictionaryClassesMapping: 
{(0, 1): 0, (2, 3): 1, (4,): 2, (5,): 3}
methodClassesEqualization: random_under_sampler

additionalParametersClassesEqualization:
random_state: RandomState(MT19937)

methodFeatureSelection: None

waveNumbers:
[ 912  916  920  924  928  932  936  940  944  948  952  956  960  964
  968  972  976  980  984  988  992  996 1000 1004 1008 1012 1016 1020
 1024 1028 1032 1036 1040 1044 1048 1052 1056 1060 1064 1068 1072 1076
 1080 1084 1088 1092 1096 1100 1104 1108 1112 1116 1120 1124 1128 1132
 1136 1140 1144 1148 1152 1156 1160 1164 1168 1172 1176 1180 1184 1188
 1192 1196 1200 1204 1208 1212 1216 1220 1224 1228 1232 1236 1240 1244
 1248 1252 1256 1260 1264 1268 1272 1276 1280 1284 1288 1292 1296 1300
 1304 1308 1312 1316 1320 1324 1328 1332 1336 1340 1344 1348 1352 1356
 1360 1364 1368 1372 1376 1380 1384 1388 1392 1396 1400 1404 1408 1412
 1416 1420 1424 1428 1432 1436 1440 1444 1448 1452 1456 1460 1464 1468
 1472 1476 1480 1484 1488 1492 1496 1500 1504 1508 1512 1516 1520 1524
 1528 1532 1536 1540 1544 1548 1552 1556 1560 1564 1568 1572 1576 1580
 1584 1588 1592 1596 1600 1604 1608 1612 1616 1620 1624 1628 1632 1636
 1640 1644 1648 1652 1656 1660 1664 1668 1672 1676 1680 1684 1688 1692
 1696 1700 1704 1708 1712 1716 1720 1724 1728 1732 1736 1740 1744 1748
 1752 1756 1760 1764 1768 1772 1776 1780 1784 1788 1792 1796 1800]

model: <class 'sklearn.ensemble._forest.ExtraTreesClassifier'>

learning model informations:
bootstrap: False
ccp_alpha: 0.0
class_weight: None
criterion: gini
max_depth: None
max_features: 5
max_leaf_nodes: None
max_samples: None
min_impurity_decrease: 0.0
min_impurity_split: None
min_samples_leaf: 15
min_samples_split: 2
min_weight_fraction_leaf: 0.0
n_estimators: 500
n_jobs: -1
oob_score: False
random_state: RandomState(MT19937)
verbose: 0
warm_start: False
              precision    recall  f1-score   support

           0       0.91      0.96      0.93     26224
           1       0.95      0.84      0.89     22755
           2       0.67      0.95      0.79      2665
           3       0.96      0.96      0.96      2318

    accuracy                           0.91     53962
   macro avg       0.87      0.93      0.89     53962
weighted avg       0.92      0.91      0.91     53962

confusion matrix not normalized:
[[25184   961    18    61]
 [ 2413 19108  1202    32]
 [  141     0  2524     0]
 [   39    43     0  2236]]
confusion matrix normalized according to the true classes:
[[9.60341672e-01 3.66458206e-02 6.86394143e-04 2.32611348e-03]
 [1.06042628e-01 8.39727532e-01 5.28235553e-02 1.40628433e-03]
 [5.29080675e-02 0.00000000e+00 9.47091932e-01 0.00000000e+00]
 [1.68248490e-02 1.85504745e-02 0.00000000e+00 9.64624676e-01]]
confusion matrix normalized according to the predicted classes:
[[0.90664939 0.04778242 0.00480769 0.0261915 ]
 [0.08687043 0.95007955 0.32104701 0.0137398 ]
 [0.00507614 0.         0.6741453  0.        ]
 [0.00140404 0.00213803 0.         0.9600687 ]]
confusion matrix normalized according to the whole population:
[[4.66698788e-01 1.78088284e-02 3.33568066e-04 1.13042511e-03]
 [4.47166525e-02 3.54101034e-01 2.22749342e-02 5.93009896e-04]
 [2.61294985e-03 0.00000000e+00 4.67736555e-02 0.00000000e+00]
 [7.22730811e-04 7.96857048e-04 0.00000000e+00 4.14365665e-02]]


idModel: 4
seed: 1595776415
overlayPath: /home/lmathy/breast_cancer_analysis/overlay
dataCubePath: /home/lmathy/breast_cancer_analysis/br20832_cores
kFoldIndicesPath: /home/lmathy/breast_cancer_analysis/matlab/histology/kFoldInd3.mat
colours: 
[[103 193  66]
 [255   0   0]
 [165  55 156]
 [243 143  53]
 [194 243 174]
 [ 69 120 236]]
peakWaveQualityTest: 1655
troughWaveQualityTest: 1760
minimumQualityTest: 0.1
maximumQualityTest: 2
noiseReductionFirst: True
methodNoiseReduction: None
numberPrincipalComponents: 35
inverseTransform: True

additionalParametersNoiseReduction:

pcaClass informations: None

intervalsToSelect: 
None
normalise: False
methodSavitzkyGolayFilter: savitzky_golay_filter
smoothingPoints: 13
orderPolynomialFit: 4

additionalParametersSavitzkyGolayFilter:
deriv: 2
mode: constant
cval: 0.0

dictionaryClassesMapping: 
{(0, 1): 0, (2, 3): 1, (4,): 2, (5,): 3}
methodClassesEqualization: random_under_sampler

additionalParametersClassesEqualization:
random_state: RandomState(MT19937)

methodFeatureSelection: None

waveNumbers:
[ 912  916  920  924  928  932  936  940  944  948  952  956  960  964
  968  972  976  980  984  988  992  996 1000 1004 1008 1012 1016 1020
 1024 1028 1032 1036 1040 1044 1048 1052 1056 1060 1064 1068 1072 1076
 1080 1084 1088 1092 1096 1100 1104 1108 1112 1116 1120 1124 1128 1132
 1136 1140 1144 1148 1152 1156 1160 1164 1168 1172 1176 1180 1184 1188
 1192 1196 1200 1204 1208 1212 1216 1220 1224 1228 1232 1236 1240 1244
 1248 1252 1256 1260 1264 1268 1272 1276 1280 1284 1288 1292 1296 1300
 1304 1308 1312 1316 1320 1324 1328 1332 1336 1340 1344 1348 1352 1356
 1360 1364 1368 1372 1376 1380 1384 1388 1392 1396 1400 1404 1408 1412
 1416 1420 1424 1428 1432 1436 1440 1444 1448 1452 1456 1460 1464 1468
 1472 1476 1480 1484 1488 1492 1496 1500 1504 1508 1512 1516 1520 1524
 1528 1532 1536 1540 1544 1548 1552 1556 1560 1564 1568 1572 1576 1580
 1584 1588 1592 1596 1600 1604 1608 1612 1616 1620 1624 1628 1632 1636
 1640 1644 1648 1652 1656 1660 1664 1668 1672 1676 1680 1684 1688 1692
 1696 1700 1704 1708 1712 1716 1720 1724 1728 1732 1736 1740 1744 1748
 1752 1756 1760 1764 1768 1772 1776 1780 1784 1788 1792 1796 1800]

model: <class 'sklearn.ensemble._forest.ExtraTreesClassifier'>

learning model informations:
bootstrap: False
ccp_alpha: 0.0
class_weight: None
criterion: gini
max_depth: None
max_features: 5
max_leaf_nodes: None
max_samples: None
min_impurity_decrease: 0.0
min_impurity_split: None
min_samples_leaf: 20
min_samples_split: 2
min_weight_fraction_leaf: 0.0
n_estimators: 500
n_jobs: -1
oob_score: False
random_state: RandomState(MT19937)
verbose: 0
warm_start: False
              precision    recall  f1-score   support

           0       0.90      0.96      0.93     26224
           1       0.95      0.83      0.89     22755
           2       0.66      0.94      0.78      2665
           3       0.96      0.97      0.97      2318

    accuracy                           0.91     53962
   macro avg       0.87      0.93      0.89     53962
weighted avg       0.91      0.91      0.91     53962

confusion matrix not normalized:
[[25181   949    28    66]
 [ 2487 18999  1251    18]
 [  148     0  2517     0]
 [   42    22     0  2254]]
confusion matrix normalized according to the true classes:
[[9.60227273e-01 3.61882245e-02 1.06772422e-03 2.51677852e-03]
 [1.09294661e-01 8.34937376e-01 5.49769281e-02 7.91034937e-04]
 [5.55347092e-02 0.00000000e+00 9.44465291e-01 0.00000000e+00]
 [1.81190682e-02 9.49094047e-03 0.00000000e+00 9.72389991e-01]]
confusion matrix normalized according to the predicted classes:
[[0.90390552 0.04752128 0.00737619 0.02822926]
 [0.08927418 0.95137707 0.32955743 0.00769889]
 [0.00531266 0.         0.66306639 0.        ]
 [0.00150765 0.00110165 0.         0.96407186]]
confusion matrix normalized according to the whole population:
[[4.66643193e-01 1.75864497e-02 5.18883659e-04 1.22308291e-03]
 [4.60879878e-02 3.52081094e-01 2.31829806e-02 3.33568066e-04]
 [2.74267077e-03 0.00000000e+00 4.66439346e-02 0.00000000e+00]
 [7.78325488e-04 4.07694303e-04 0.00000000e+00 4.17701345e-02]]


idModel: 5
seed: 1595776415
overlayPath: /home/lmathy/breast_cancer_analysis/overlay
dataCubePath: /home/lmathy/breast_cancer_analysis/br20832_cores
kFoldIndicesPath: /home/lmathy/breast_cancer_analysis/matlab/histology/kFoldInd3.mat
colours: 
[[103 193  66]
 [255   0   0]
 [165  55 156]
 [243 143  53]
 [194 243 174]
 [ 69 120 236]]
peakWaveQualityTest: 1655
troughWaveQualityTest: 1760
minimumQualityTest: 0.1
maximumQualityTest: 2
noiseReductionFirst: True
methodNoiseReduction: None
numberPrincipalComponents: 35
inverseTransform: True

additionalParametersNoiseReduction:

pcaClass informations: None

intervalsToSelect: 
None
normalise: False
methodSavitzkyGolayFilter: savitzky_golay_filter
smoothingPoints: 13
orderPolynomialFit: 4

additionalParametersSavitzkyGolayFilter:
deriv: 2
mode: constant
cval: 0.0

dictionaryClassesMapping: 
{(0, 1): 0, (2, 3): 1, (4,): 2, (5,): 3}
methodClassesEqualization: random_under_sampler

additionalParametersClassesEqualization:
random_state: RandomState(MT19937)

methodFeatureSelection: None

waveNumbers:
[ 912  916  920  924  928  932  936  940  944  948  952  956  960  964
  968  972  976  980  984  988  992  996 1000 1004 1008 1012 1016 1020
 1024 1028 1032 1036 1040 1044 1048 1052 1056 1060 1064 1068 1072 1076
 1080 1084 1088 1092 1096 1100 1104 1108 1112 1116 1120 1124 1128 1132
 1136 1140 1144 1148 1152 1156 1160 1164 1168 1172 1176 1180 1184 1188
 1192 1196 1200 1204 1208 1212 1216 1220 1224 1228 1232 1236 1240 1244
 1248 1252 1256 1260 1264 1268 1272 1276 1280 1284 1288 1292 1296 1300
 1304 1308 1312 1316 1320 1324 1328 1332 1336 1340 1344 1348 1352 1356
 1360 1364 1368 1372 1376 1380 1384 1388 1392 1396 1400 1404 1408 1412
 1416 1420 1424 1428 1432 1436 1440 1444 1448 1452 1456 1460 1464 1468
 1472 1476 1480 1484 1488 1492 1496 1500 1504 1508 1512 1516 1520 1524
 1528 1532 1536 1540 1544 1548 1552 1556 1560 1564 1568 1572 1576 1580
 1584 1588 1592 1596 1600 1604 1608 1612 1616 1620 1624 1628 1632 1636
 1640 1644 1648 1652 1656 1660 1664 1668 1672 1676 1680 1684 1688 1692
 1696 1700 1704 1708 1712 1716 1720 1724 1728 1732 1736 1740 1744 1748
 1752 1756 1760 1764 1768 1772 1776 1780 1784 1788 1792 1796 1800]

model: <class 'sklearn.ensemble._forest.ExtraTreesClassifier'>

learning model informations:
bootstrap: False
ccp_alpha: 0.0
class_weight: None
criterion: gini
max_depth: None
max_features: 5
max_leaf_nodes: None
max_samples: None
min_impurity_decrease: 0.0
min_impurity_split: None
min_samples_leaf: 25
min_samples_split: 2
min_weight_fraction_leaf: 0.0
n_estimators: 500
n_jobs: -1
oob_score: False
random_state: RandomState(MT19937)
verbose: 0
warm_start: False
              precision    recall  f1-score   support

           0       0.90      0.96      0.93     26224
           1       0.95      0.82      0.88     22755
           2       0.67      0.95      0.78      2665
           3       0.95      0.97      0.96      2318

    accuracy                           0.90     53962
   macro avg       0.87      0.93      0.89     53962
weighted avg       0.91      0.90      0.90     53962

confusion matrix not normalized:
[[25212   907    34    71]
 [ 2698 18770  1241    46]
 [  129     0  2536     0]
 [   41    20     0  2257]]
confusion matrix normalized according to the true classes:
[[0.9614094  0.03458664 0.00129652 0.00270744]
 [0.11856735 0.82487365 0.05453746 0.00202153]
 [0.04840525 0.         0.95159475 0.        ]
 [0.01768766 0.00862813 0.         0.97368421]]
confusion matrix normalized according to the predicted classes:
[[0.89786325 0.04604762 0.00892154 0.02990733]
 [0.09608262 0.952937   0.32563632 0.01937658]
 [0.00459402 0.         0.66544214 0.        ]
 [0.00146011 0.00101538 0.         0.95071609]]
confusion matrix normalized according to the whole population:
[[4.67217672e-01 1.68081242e-02 6.30073014e-04 1.31574071e-03]
 [4.99981468e-02 3.47837367e-01 2.29976650e-02 8.52451725e-04]
 [2.39057114e-03 0.00000000e+00 4.69960342e-02 0.00000000e+00]
 [7.59793929e-04 3.70631185e-04 0.00000000e+00 4.18257292e-02]]


idModel: 6
seed: 1595776415
overlayPath: /home/lmathy/breast_cancer_analysis/overlay
dataCubePath: /home/lmathy/breast_cancer_analysis/br20832_cores
kFoldIndicesPath: /home/lmathy/breast_cancer_analysis/matlab/histology/kFoldInd3.mat
colours: 
[[103 193  66]
 [255   0   0]
 [165  55 156]
 [243 143  53]
 [194 243 174]
 [ 69 120 236]]
peakWaveQualityTest: 1655
troughWaveQualityTest: 1760
minimumQualityTest: 0.1
maximumQualityTest: 2
noiseReductionFirst: True
methodNoiseReduction: None
numberPrincipalComponents: 35
inverseTransform: True

additionalParametersNoiseReduction:

pcaClass informations: None

intervalsToSelect: 
None
normalise: False
methodSavitzkyGolayFilter: savitzky_golay_filter
smoothingPoints: 13
orderPolynomialFit: 4

additionalParametersSavitzkyGolayFilter:
deriv: 2
mode: constant
cval: 0.0

dictionaryClassesMapping: 
{(0, 1): 0, (2, 3): 1, (4,): 2, (5,): 3}
methodClassesEqualization: random_under_sampler

additionalParametersClassesEqualization:
random_state: RandomState(MT19937)

methodFeatureSelection: None

waveNumbers:
[ 912  916  920  924  928  932  936  940  944  948  952  956  960  964
  968  972  976  980  984  988  992  996 1000 1004 1008 1012 1016 1020
 1024 1028 1032 1036 1040 1044 1048 1052 1056 1060 1064 1068 1072 1076
 1080 1084 1088 1092 1096 1100 1104 1108 1112 1116 1120 1124 1128 1132
 1136 1140 1144 1148 1152 1156 1160 1164 1168 1172 1176 1180 1184 1188
 1192 1196 1200 1204 1208 1212 1216 1220 1224 1228 1232 1236 1240 1244
 1248 1252 1256 1260 1264 1268 1272 1276 1280 1284 1288 1292 1296 1300
 1304 1308 1312 1316 1320 1324 1328 1332 1336 1340 1344 1348 1352 1356
 1360 1364 1368 1372 1376 1380 1384 1388 1392 1396 1400 1404 1408 1412
 1416 1420 1424 1428 1432 1436 1440 1444 1448 1452 1456 1460 1464 1468
 1472 1476 1480 1484 1488 1492 1496 1500 1504 1508 1512 1516 1520 1524
 1528 1532 1536 1540 1544 1548 1552 1556 1560 1564 1568 1572 1576 1580
 1584 1588 1592 1596 1600 1604 1608 1612 1616 1620 1624 1628 1632 1636
 1640 1644 1648 1652 1656 1660 1664 1668 1672 1676 1680 1684 1688 1692
 1696 1700 1704 1708 1712 1716 1720 1724 1728 1732 1736 1740 1744 1748
 1752 1756 1760 1764 1768 1772 1776 1780 1784 1788 1792 1796 1800]

model: <class 'sklearn.ensemble._forest.ExtraTreesClassifier'>

learning model informations:
bootstrap: False
ccp_alpha: 0.0
class_weight: None
criterion: gini
max_depth: None
max_features: 5
max_leaf_nodes: None
max_samples: None
min_impurity_decrease: 0.0
min_impurity_split: None
min_samples_leaf: 30
min_samples_split: 2
min_weight_fraction_leaf: 0.0
n_estimators: 500
n_jobs: -1
oob_score: False
random_state: RandomState(MT19937)
verbose: 0
warm_start: False
              precision    recall  f1-score   support

           0       0.90      0.96      0.93     26224
           1       0.95      0.82      0.88     22755
           2       0.65      0.95      0.77      2665
           3       0.96      0.97      0.97      2318

    accuracy                           0.90     53962
   macro avg       0.86      0.93      0.89     53962
weighted avg       0.91      0.90      0.90     53962

confusion matrix not normalized:
[[25220   891    53    60]
 [ 2751 18637  1335    32]
 [  135     0  2530     0]
 [   42    23     0  2253]]
confusion matrix normalized according to the true classes:
[[0.96171446 0.03397651 0.00202105 0.00228798]
 [0.12089651 0.81902878 0.05866842 0.00140628]
 [0.05065666 0.         0.94934334 0.        ]
 [0.01811907 0.00992235 0.         0.97195858]]
confusion matrix normalized according to the predicted classes:
[[0.8959784  0.04557312 0.01352731 0.02558635]
 [0.09773341 0.95325047 0.34073507 0.01364606]
 [0.00479608 0.         0.64573762 0.        ]
 [0.00149211 0.00117641 0.         0.96076759]]
confusion matrix normalized according to the whole population:
[[4.67365924e-01 1.65116193e-02 9.82172640e-04 1.11189355e-03]
 [5.09803195e-02 3.45372670e-01 2.47396316e-02 5.93009896e-04]
 [2.50176050e-03 0.00000000e+00 4.68848449e-02 0.00000000e+00]
 [7.78325488e-04 4.26225863e-04 0.00000000e+00 4.17516030e-02]]


idModel: 7
seed: 1595776415
overlayPath: /home/lmathy/breast_cancer_analysis/overlay
dataCubePath: /home/lmathy/breast_cancer_analysis/br20832_cores
kFoldIndicesPath: /home/lmathy/breast_cancer_analysis/matlab/histology/kFoldInd3.mat
colours: 
[[103 193  66]
 [255   0   0]
 [165  55 156]
 [243 143  53]
 [194 243 174]
 [ 69 120 236]]
peakWaveQualityTest: 1655
troughWaveQualityTest: 1760
minimumQualityTest: 0.1
maximumQualityTest: 2
noiseReductionFirst: True
methodNoiseReduction: None
numberPrincipalComponents: 35
inverseTransform: True

additionalParametersNoiseReduction:

pcaClass informations: None

intervalsToSelect: 
None
normalise: False
methodSavitzkyGolayFilter: savitzky_golay_filter
smoothingPoints: 13
orderPolynomialFit: 4

additionalParametersSavitzkyGolayFilter:
deriv: 2
mode: constant
cval: 0.0

dictionaryClassesMapping: 
{(0, 1): 0, (2, 3): 1, (4,): 2, (5,): 3}
methodClassesEqualization: random_under_sampler

additionalParametersClassesEqualization:
random_state: RandomState(MT19937)

methodFeatureSelection: None

waveNumbers:
[ 912  916  920  924  928  932  936  940  944  948  952  956  960  964
  968  972  976  980  984  988  992  996 1000 1004 1008 1012 1016 1020
 1024 1028 1032 1036 1040 1044 1048 1052 1056 1060 1064 1068 1072 1076
 1080 1084 1088 1092 1096 1100 1104 1108 1112 1116 1120 1124 1128 1132
 1136 1140 1144 1148 1152 1156 1160 1164 1168 1172 1176 1180 1184 1188
 1192 1196 1200 1204 1208 1212 1216 1220 1224 1228 1232 1236 1240 1244
 1248 1252 1256 1260 1264 1268 1272 1276 1280 1284 1288 1292 1296 1300
 1304 1308 1312 1316 1320 1324 1328 1332 1336 1340 1344 1348 1352 1356
 1360 1364 1368 1372 1376 1380 1384 1388 1392 1396 1400 1404 1408 1412
 1416 1420 1424 1428 1432 1436 1440 1444 1448 1452 1456 1460 1464 1468
 1472 1476 1480 1484 1488 1492 1496 1500 1504 1508 1512 1516 1520 1524
 1528 1532 1536 1540 1544 1548 1552 1556 1560 1564 1568 1572 1576 1580
 1584 1588 1592 1596 1600 1604 1608 1612 1616 1620 1624 1628 1632 1636
 1640 1644 1648 1652 1656 1660 1664 1668 1672 1676 1680 1684 1688 1692
 1696 1700 1704 1708 1712 1716 1720 1724 1728 1732 1736 1740 1744 1748
 1752 1756 1760 1764 1768 1772 1776 1780 1784 1788 1792 1796 1800]

model: <class 'sklearn.ensemble._forest.ExtraTreesClassifier'>

learning model informations:
bootstrap: False
ccp_alpha: 0.0
class_weight: None
criterion: gini
max_depth: None
max_features: 5
max_leaf_nodes: None
max_samples: None
min_impurity_decrease: 0.0
min_impurity_split: None
min_samples_leaf: 35
min_samples_split: 2
min_weight_fraction_leaf: 0.0
n_estimators: 500
n_jobs: -1
oob_score: False
random_state: RandomState(MT19937)
verbose: 0
warm_start: False
              precision    recall  f1-score   support

           0       0.90      0.96      0.93     26224
           1       0.95      0.82      0.88     22755
           2       0.65      0.95      0.77      2665
           3       0.94      0.97      0.95      2318

    accuracy                           0.90     53962
   macro avg       0.86      0.93      0.88     53962
weighted avg       0.91      0.90      0.90     53962

confusion matrix not normalized:
[[25159   918    43   104]
 [ 2637 18741  1325    52]
 [  128     0  2537     0]
 [   40    21     0  2257]]
confusion matrix normalized according to the true classes:
[[0.95938835 0.0350061  0.00163972 0.00396583]
 [0.11588662 0.82359921 0.05822896 0.00228521]
 [0.04803002 0.         0.95196998 0.        ]
 [0.01725626 0.00905953 0.         0.97368421]]
confusion matrix normalized according to the predicted classes:
[[0.89969246 0.04664634 0.01101152 0.04309988]
 [0.09429981 0.95228659 0.33930858 0.02154994]
 [0.00457731 0.         0.6496799  0.        ]
 [0.00143041 0.00106707 0.         0.93535019]]
confusion matrix normalized according to the whole population:
[[4.66235499e-01 1.70119714e-02 7.96857048e-04 1.92728216e-03]
 [4.88677217e-02 3.47299952e-01 2.45543160e-02 9.63641081e-04]
 [2.37203958e-03 0.00000000e+00 4.70145658e-02 0.00000000e+00]
 [7.41262370e-04 3.89162744e-04 0.00000000e+00 4.18257292e-02]]


idModel: 8
seed: 1595776415
overlayPath: /home/lmathy/breast_cancer_analysis/overlay
dataCubePath: /home/lmathy/breast_cancer_analysis/br20832_cores
kFoldIndicesPath: /home/lmathy/breast_cancer_analysis/matlab/histology/kFoldInd3.mat
colours: 
[[103 193  66]
 [255   0   0]
 [165  55 156]
 [243 143  53]
 [194 243 174]
 [ 69 120 236]]
peakWaveQualityTest: 1655
troughWaveQualityTest: 1760
minimumQualityTest: 0.1
maximumQualityTest: 2
noiseReductionFirst: True
methodNoiseReduction: None
numberPrincipalComponents: 35
inverseTransform: True

additionalParametersNoiseReduction:

pcaClass informations: None

intervalsToSelect: 
None
normalise: False
methodSavitzkyGolayFilter: savitzky_golay_filter
smoothingPoints: 13
orderPolynomialFit: 4

additionalParametersSavitzkyGolayFilter:
deriv: 2
mode: constant
cval: 0.0

dictionaryClassesMapping: 
{(0, 1): 0, (2, 3): 1, (4,): 2, (5,): 3}
methodClassesEqualization: random_under_sampler

additionalParametersClassesEqualization:
random_state: RandomState(MT19937)

methodFeatureSelection: None

waveNumbers:
[ 912  916  920  924  928  932  936  940  944  948  952  956  960  964
  968  972  976  980  984  988  992  996 1000 1004 1008 1012 1016 1020
 1024 1028 1032 1036 1040 1044 1048 1052 1056 1060 1064 1068 1072 1076
 1080 1084 1088 1092 1096 1100 1104 1108 1112 1116 1120 1124 1128 1132
 1136 1140 1144 1148 1152 1156 1160 1164 1168 1172 1176 1180 1184 1188
 1192 1196 1200 1204 1208 1212 1216 1220 1224 1228 1232 1236 1240 1244
 1248 1252 1256 1260 1264 1268 1272 1276 1280 1284 1288 1292 1296 1300
 1304 1308 1312 1316 1320 1324 1328 1332 1336 1340 1344 1348 1352 1356
 1360 1364 1368 1372 1376 1380 1384 1388 1392 1396 1400 1404 1408 1412
 1416 1420 1424 1428 1432 1436 1440 1444 1448 1452 1456 1460 1464 1468
 1472 1476 1480 1484 1488 1492 1496 1500 1504 1508 1512 1516 1520 1524
 1528 1532 1536 1540 1544 1548 1552 1556 1560 1564 1568 1572 1576 1580
 1584 1588 1592 1596 1600 1604 1608 1612 1616 1620 1624 1628 1632 1636
 1640 1644 1648 1652 1656 1660 1664 1668 1672 1676 1680 1684 1688 1692
 1696 1700 1704 1708 1712 1716 1720 1724 1728 1732 1736 1740 1744 1748
 1752 1756 1760 1764 1768 1772 1776 1780 1784 1788 1792 1796 1800]

model: <class 'sklearn.ensemble._forest.ExtraTreesClassifier'>

learning model informations:
bootstrap: False
ccp_alpha: 0.0
class_weight: None
criterion: gini
max_depth: None
max_features: 5
max_leaf_nodes: None
max_samples: None
min_impurity_decrease: 0.0
min_impurity_split: None
min_samples_leaf: 40
min_samples_split: 2
min_weight_fraction_leaf: 0.0
n_estimators: 500
n_jobs: -1
oob_score: False
random_state: RandomState(MT19937)
verbose: 0
warm_start: False
              precision    recall  f1-score   support

           0       0.90      0.96      0.93     26224
           1       0.95      0.82      0.88     22755
           2       0.65      0.95      0.77      2665
           3       0.93      0.98      0.95      2318

    accuracy                           0.90     53962
   macro avg       0.86      0.93      0.88     53962
weighted avg       0.91      0.90      0.90     53962

confusion matrix not normalized:
[[25119   914    61   130]
 [ 2637 18769  1305    44]
 [  126     0  2539     0]
 [   41    16     0  2261]]
confusion matrix normalized according to the true classes:
[[0.95786303 0.03485357 0.00232611 0.00495729]
 [0.11588662 0.82482971 0.05735003 0.00193364]
 [0.04727955 0.         0.95272045 0.        ]
 [0.01768766 0.0069025  0.         0.97540984]]
confusion matrix normalized according to the predicted classes:
[[8.99580991e-01 4.63982943e-02 1.56209987e-02 5.33880903e-02]
 [9.44382767e-02 9.52789482e-01 3.34186940e-01 1.80698152e-02]
 [4.51240913e-03 0.00000000e+00 6.50192061e-01 0.00000000e+00]
 [1.46832360e-03 8.12223971e-04 0.00000000e+00 9.28542094e-01]]
confusion matrix normalized according to the whole population:
[[4.65494237e-01 1.69378452e-02 1.13042511e-03 2.40910270e-03]
 [4.88677217e-02 3.47818835e-01 2.41836848e-02 8.15388607e-04]
 [2.33497646e-03 0.00000000e+00 4.70516289e-02 0.00000000e+00]
 [7.59793929e-04 2.96504948e-04 0.00000000e+00 4.18998555e-02]]


idModel: 9
seed: 1595776415
overlayPath: /home/lmathy/breast_cancer_analysis/overlay
dataCubePath: /home/lmathy/breast_cancer_analysis/br20832_cores
kFoldIndicesPath: /home/lmathy/breast_cancer_analysis/matlab/histology/kFoldInd3.mat
colours: 
[[103 193  66]
 [255   0   0]
 [165  55 156]
 [243 143  53]
 [194 243 174]
 [ 69 120 236]]
peakWaveQualityTest: 1655
troughWaveQualityTest: 1760
minimumQualityTest: 0.1
maximumQualityTest: 2
noiseReductionFirst: True
methodNoiseReduction: None
numberPrincipalComponents: 35
inverseTransform: True

additionalParametersNoiseReduction:

pcaClass informations: None

intervalsToSelect: 
None
normalise: False
methodSavitzkyGolayFilter: savitzky_golay_filter
smoothingPoints: 13
orderPolynomialFit: 4

additionalParametersSavitzkyGolayFilter:
deriv: 2
mode: constant
cval: 0.0

dictionaryClassesMapping: 
{(0, 1): 0, (2, 3): 1, (4,): 2, (5,): 3}
methodClassesEqualization: random_under_sampler

additionalParametersClassesEqualization:
random_state: RandomState(MT19937)

methodFeatureSelection: None

waveNumbers:
[ 912  916  920  924  928  932  936  940  944  948  952  956  960  964
  968  972  976  980  984  988  992  996 1000 1004 1008 1012 1016 1020
 1024 1028 1032 1036 1040 1044 1048 1052 1056 1060 1064 1068 1072 1076
 1080 1084 1088 1092 1096 1100 1104 1108 1112 1116 1120 1124 1128 1132
 1136 1140 1144 1148 1152 1156 1160 1164 1168 1172 1176 1180 1184 1188
 1192 1196 1200 1204 1208 1212 1216 1220 1224 1228 1232 1236 1240 1244
 1248 1252 1256 1260 1264 1268 1272 1276 1280 1284 1288 1292 1296 1300
 1304 1308 1312 1316 1320 1324 1328 1332 1336 1340 1344 1348 1352 1356
 1360 1364 1368 1372 1376 1380 1384 1388 1392 1396 1400 1404 1408 1412
 1416 1420 1424 1428 1432 1436 1440 1444 1448 1452 1456 1460 1464 1468
 1472 1476 1480 1484 1488 1492 1496 1500 1504 1508 1512 1516 1520 1524
 1528 1532 1536 1540 1544 1548 1552 1556 1560 1564 1568 1572 1576 1580
 1584 1588 1592 1596 1600 1604 1608 1612 1616 1620 1624 1628 1632 1636
 1640 1644 1648 1652 1656 1660 1664 1668 1672 1676 1680 1684 1688 1692
 1696 1700 1704 1708 1712 1716 1720 1724 1728 1732 1736 1740 1744 1748
 1752 1756 1760 1764 1768 1772 1776 1780 1784 1788 1792 1796 1800]

model: <class 'sklearn.ensemble._forest.ExtraTreesClassifier'>

learning model informations:
bootstrap: False
ccp_alpha: 0.0
class_weight: None
criterion: gini
max_depth: None
max_features: 5
max_leaf_nodes: None
max_samples: None
min_impurity_decrease: 0.0
min_impurity_split: None
min_samples_leaf: 45
min_samples_split: 2
min_weight_fraction_leaf: 0.0
n_estimators: 500
n_jobs: -1
oob_score: False
random_state: RandomState(MT19937)
verbose: 0
warm_start: False
              precision    recall  f1-score   support

           0       0.89      0.96      0.92     26224
           1       0.95      0.81      0.88     22755
           2       0.66      0.95      0.78      2665
           3       0.95      0.98      0.96      2318

    accuracy                           0.90     53962
   macro avg       0.86      0.92      0.89     53962
weighted avg       0.91      0.90      0.90     53962

confusion matrix not normalized:
[[25237   867    42    78]
 [ 2967 18496  1255    37]
