idModel: 0
seed: 1609720621
overlayPath: /home/lmathy/breast_cancer_analysis/overlay
dataCubePath: /home/lmathy/breast_cancer_analysis/br20832_cores
kFoldIndicesPath: /home/lmathy/breast_cancer_analysis/matlab/histology/kFoldInd3.mat
colours: 
[[103 193  66]
 [255   0   0]
 [165  55 156]
 [243 143  53]
 [194 243 174]
 [ 69 120 236]]
peakWaveQualityTest: 1655
troughWaveQualityTest: 1760
minimumQualityTest: 0.1
maximumQualityTest: 2
makeQualityTestTrainingSet: True
makeQualityTestTestSet: True
noiseReductionFirst: True
methodNoiseReduction: None
numberPrincipalComponents: 35
inverseTransform: True

additionalParametersNoiseReduction:

pcaClass informations: None

intervalsToSelect: 
None
normalise: False
methodSavitzkyGolayFilter: savitzky_golay_filter
smoothingPoints: 13
orderPolynomialFit: 4

additionalParametersSavitzkyGolayFilter:
deriv: 2
mode: constant
cval: 0.0

dictionaryClassesMapping: 
{(0, 1): 0, (2, 3): 1, (4,): 2, (5,): 3}
methodClassesEqualization: anticipated_random_under_sampler

additionalParametersClassesEqualization:
random_state: RandomState(MT19937)

methodFeatureSelection: None

waveNumbers:
[ 912  916  920  924  928  932  936  940  944  948  952  956  960  964
  968  972  976  980  984  988  992  996 1000 1004 1008 1012 1016 1020
 1024 1028 1032 1036 1040 1044 1048 1052 1056 1060 1064 1068 1072 1076
 1080 1084 1088 1092 1096 1100 1104 1108 1112 1116 1120 1124 1128 1132
 1136 1140 1144 1148 1152 1156 1160 1164 1168 1172 1176 1180 1184 1188
 1192 1196 1200 1204 1208 1212 1216 1220 1224 1228 1232 1236 1240 1244
 1248 1252 1256 1260 1264 1268 1272 1276 1280 1284 1288 1292 1296 1300
 1304 1308 1312 1316 1320 1324 1328 1332 1336 1340 1344 1348 1352 1356
 1360 1364 1368 1372 1376 1380 1384 1388 1392 1396 1400 1404 1408 1412
 1416 1420 1424 1428 1432 1436 1440 1444 1448 1452 1456 1460 1464 1468
 1472 1476 1480 1484 1488 1492 1496 1500 1504 1508 1512 1516 1520 1524
 1528 1532 1536 1540 1544 1548 1552 1556 1560 1564 1568 1572 1576 1580
 1584 1588 1592 1596 1600 1604 1608 1612 1616 1620 1624 1628 1632 1636
 1640 1644 1648 1652 1656 1660 1664 1668 1672 1676 1680 1684 1688 1692
 1696 1700 1704 1708 1712 1716 1720 1724 1728 1732 1736 1740 1744 1748
 1752 1756 1760 1764 1768 1772 1776 1780 1784 1788 1792 1796 1800]

model: <class 'sklearn.ensemble._forest.RandomForestClassifier'>

learning model informations:
bootstrap: True
ccp_alpha: 0.0
class_weight: None
criterion: gini
max_depth: None
max_features: sqrt
max_leaf_nodes: None
max_samples: None
min_impurity_decrease: 0.0
min_impurity_split: None
min_samples_leaf: 10
min_samples_split: 2
min_weight_fraction_leaf: 0.0
n_estimators: 1
n_jobs: -1
oob_score: False
random_state: RandomState(MT19937)
verbose: 0
warm_start: False

widthSubwindow: 1
heightSubwindow: 1
methodSubwindow: None

class distribution after potential subwindows creations:
class number: 0, number elements: 145386
class number: 1, number elements: 88205
class number: 2, number elements: 1766
class number: 3, number elements: 25382
total number elements: 260739

makeMirrors: True
makeRotations: True

              precision    recall  f1-score   support

           0       0.88      0.78      0.83     26224
           1       0.83      0.78      0.81     22755
           2       0.41      0.96      0.57      2665
           3       0.71      0.94      0.81      2318

    accuracy                           0.80     53962
   macro avg       0.71      0.87      0.75     53962
weighted avg       0.83      0.80      0.80     53962

confusion matrix not normalized:
[[20437  3382  2238   167]
 [ 2755 17803  1470   727]
 [   52    56  2552     5]
 [    4   133     0  2181]]
confusion matrix normalized according to the true classes:
[[0.77932428 0.12896583 0.08534167 0.00636821]
 [0.12107229 0.7823775  0.06460119 0.03194902]
 [0.0195122  0.02101313 0.9575985  0.00187617]
 [0.00172563 0.05737705 0.         0.94089733]]
confusion matrix normalized according to the predicted classes:
[[8.79086373e-01 1.58229625e-01 3.57507987e-01 5.42207792e-02]
 [1.18504818e-01 8.32927856e-01 2.34824281e-01 2.36038961e-01]
 [2.23675155e-03 2.62000561e-03 4.07667732e-01 1.62337662e-03]
 [1.72057811e-04 6.22251333e-03 0.00000000e+00 7.08116883e-01]]
confusion matrix normalized according to the whole population:
[[3.78729476e-01 6.26737334e-02 4.14736296e-02 3.09477039e-03]
 [5.10544457e-02 3.29917349e-01 2.72413921e-02 1.34724436e-02]
 [9.63641081e-04 1.03776732e-03 4.72925392e-02 9.26577962e-05]
 [7.41262370e-05 2.46469738e-03 0.00000000e+00 4.04173307e-02]]


idModel: 1
seed: 1609720621
overlayPath: /home/lmathy/breast_cancer_analysis/overlay
dataCubePath: /home/lmathy/breast_cancer_analysis/br20832_cores
kFoldIndicesPath: /home/lmathy/breast_cancer_analysis/matlab/histology/kFoldInd3.mat
colours: 
[[103 193  66]
 [255   0   0]
 [165  55 156]
 [243 143  53]
 [194 243 174]
 [ 69 120 236]]
peakWaveQualityTest: 1655
troughWaveQualityTest: 1760
minimumQualityTest: 0.1
maximumQualityTest: 2
makeQualityTestTrainingSet: True
makeQualityTestTestSet: True
noiseReductionFirst: True
methodNoiseReduction: None
numberPrincipalComponents: 35
inverseTransform: True

additionalParametersNoiseReduction:

pcaClass informations: None

intervalsToSelect: 
None
normalise: False
methodSavitzkyGolayFilter: savitzky_golay_filter
smoothingPoints: 13
orderPolynomialFit: 4

additionalParametersSavitzkyGolayFilter:
deriv: 2
mode: constant
cval: 0.0

dictionaryClassesMapping: 
{(0, 1): 0, (2, 3): 1, (4,): 2, (5,): 3}
methodClassesEqualization: anticipated_random_under_sampler

additionalParametersClassesEqualization:
random_state: RandomState(MT19937)

methodFeatureSelection: None

waveNumbers:
[ 912  916  920  924  928  932  936  940  944  948  952  956  960  964
  968  972  976  980  984  988  992  996 1000 1004 1008 1012 1016 1020
 1024 1028 1032 1036 1040 1044 1048 1052 1056 1060 1064 1068 1072 1076
 1080 1084 1088 1092 1096 1100 1104 1108 1112 1116 1120 1124 1128 1132
 1136 1140 1144 1148 1152 1156 1160 1164 1168 1172 1176 1180 1184 1188
 1192 1196 1200 1204 1208 1212 1216 1220 1224 1228 1232 1236 1240 1244
 1248 1252 1256 1260 1264 1268 1272 1276 1280 1284 1288 1292 1296 1300
 1304 1308 1312 1316 1320 1324 1328 1332 1336 1340 1344 1348 1352 1356
 1360 1364 1368 1372 1376 1380 1384 1388 1392 1396 1400 1404 1408 1412
 1416 1420 1424 1428 1432 1436 1440 1444 1448 1452 1456 1460 1464 1468
 1472 1476 1480 1484 1488 1492 1496 1500 1504 1508 1512 1516 1520 1524
 1528 1532 1536 1540 1544 1548 1552 1556 1560 1564 1568 1572 1576 1580
 1584 1588 1592 1596 1600 1604 1608 1612 1616 1620 1624 1628 1632 1636
 1640 1644 1648 1652 1656 1660 1664 1668 1672 1676 1680 1684 1688 1692
 1696 1700 1704 1708 1712 1716 1720 1724 1728 1732 1736 1740 1744 1748
 1752 1756 1760 1764 1768 1772 1776 1780 1784 1788 1792 1796 1800]

model: <class 'sklearn.ensemble._forest.RandomForestClassifier'>

learning model informations:
bootstrap: True
ccp_alpha: 0.0
class_weight: None
criterion: gini
max_depth: None
max_features: sqrt
max_leaf_nodes: None
max_samples: None
min_impurity_decrease: 0.0
min_impurity_split: None
min_samples_leaf: 10
min_samples_split: 2
min_weight_fraction_leaf: 0.0
n_estimators: 2
n_jobs: -1
oob_score: False
random_state: RandomState(MT19937)
verbose: 0
warm_start: False

widthSubwindow: 1
heightSubwindow: 1
methodSubwindow: None

class distribution after potential subwindows creations:
class number: 0, number elements: 145386
class number: 1, number elements: 88205
class number: 2, number elements: 1766
class number: 3, number elements: 25382
total number elements: 260739

makeMirrors: True
makeRotations: True

              precision    recall  f1-score   support

           0       0.89      0.84      0.87     26224
           1       0.85      0.81      0.83     22755
           2       0.57      0.92      0.70      2665
           3       0.64      0.85      0.73      2318

    accuracy                           0.83     53962
   macro avg       0.74      0.86      0.78     53962
weighted avg       0.85      0.83      0.84     53962

confusion matrix not normalized:
[[22075  3106   629   414]
 [ 2509 18501  1132   613]
 [   66    66  2455    78]
 [  108   157    89  1964]]
confusion matrix normalized according to the true classes:
[[0.84178615 0.11844112 0.02398566 0.01578707]
 [0.11026148 0.81305208 0.04974731 0.02693913]
 [0.02476548 0.02476548 0.92120075 0.02926829]
 [0.04659189 0.0677308  0.03839517 0.84728214]]
confusion matrix normalized according to the predicted classes:
[[0.89163099 0.14228126 0.14610918 0.13489736]
 [0.10134098 0.84750344 0.26295006 0.19973933]
 [0.0026658  0.00302336 0.57026713 0.02541544]
 [0.00436223 0.00719194 0.02067364 0.63994787]]
confusion matrix normalized according to the whole population:
[[0.40908417 0.05755902 0.01165635 0.00767207]
 [0.04649568 0.34285238 0.02097773 0.01135985]
 [0.00122308 0.00122308 0.04549498 0.00144546]
 [0.00200141 0.00290945 0.00164931 0.03639598]]


idModel: 2
seed: 1609720621
overlayPath: /home/lmathy/breast_cancer_analysis/overlay
dataCubePath: /home/lmathy/breast_cancer_analysis/br20832_cores
kFoldIndicesPath: /home/lmathy/breast_cancer_analysis/matlab/histology/kFoldInd3.mat
colours: 
[[103 193  66]
 [255   0   0]
 [165  55 156]
 [243 143  53]
 [194 243 174]
 [ 69 120 236]]
peakWaveQualityTest: 1655
troughWaveQualityTest: 1760
minimumQualityTest: 0.1
maximumQualityTest: 2
makeQualityTestTrainingSet: True
makeQualityTestTestSet: True
noiseReductionFirst: True
methodNoiseReduction: None
numberPrincipalComponents: 35
inverseTransform: True

additionalParametersNoiseReduction:

pcaClass informations: None

intervalsToSelect: 
None
normalise: False
methodSavitzkyGolayFilter: savitzky_golay_filter
smoothingPoints: 13
orderPolynomialFit: 4

additionalParametersSavitzkyGolayFilter:
deriv: 2
mode: constant
cval: 0.0

dictionaryClassesMapping: 
{(0, 1): 0, (2, 3): 1, (4,): 2, (5,): 3}
methodClassesEqualization: anticipated_random_under_sampler

additionalParametersClassesEqualization:
random_state: RandomState(MT19937)

methodFeatureSelection: None

waveNumbers:
[ 912  916  920  924  928  932  936  940  944  948  952  956  960  964
  968  972  976  980  984  988  992  996 1000 1004 1008 1012 1016 1020
 1024 1028 1032 1036 1040 1044 1048 1052 1056 1060 1064 1068 1072 1076
 1080 1084 1088 1092 1096 1100 1104 1108 1112 1116 1120 1124 1128 1132
 1136 1140 1144 1148 1152 1156 1160 1164 1168 1172 1176 1180 1184 1188
 1192 1196 1200 1204 1208 1212 1216 1220 1224 1228 1232 1236 1240 1244
 1248 1252 1256 1260 1264 1268 1272 1276 1280 1284 1288 1292 1296 1300
 1304 1308 1312 1316 1320 1324 1328 1332 1336 1340 1344 1348 1352 1356
 1360 1364 1368 1372 1376 1380 1384 1388 1392 1396 1400 1404 1408 1412
 1416 1420 1424 1428 1432 1436 1440 1444 1448 1452 1456 1460 1464 1468
 1472 1476 1480 1484 1488 1492 1496 1500 1504 1508 1512 1516 1520 1524
 1528 1532 1536 1540 1544 1548 1552 1556 1560 1564 1568 1572 1576 1580
 1584 1588 1592 1596 1600 1604 1608 1612 1616 1620 1624 1628 1632 1636
 1640 1644 1648 1652 1656 1660 1664 1668 1672 1676 1680 1684 1688 1692
 1696 1700 1704 1708 1712 1716 1720 1724 1728 1732 1736 1740 1744 1748
 1752 1756 1760 1764 1768 1772 1776 1780 1784 1788 1792 1796 1800]

model: <class 'sklearn.ensemble._forest.RandomForestClassifier'>

learning model informations:
bootstrap: True
ccp_alpha: 0.0
class_weight: None
criterion: gini
max_depth: None
max_features: sqrt
max_leaf_nodes: None
max_samples: None
min_impurity_decrease: 0.0
min_impurity_split: None
min_samples_leaf: 10
min_samples_split: 2
min_weight_fraction_leaf: 0.0
n_estimators: 3
n_jobs: -1
oob_score: False
random_state: RandomState(MT19937)
verbose: 0
warm_start: False

widthSubwindow: 1
heightSubwindow: 1
methodSubwindow: None

class distribution after potential subwindows creations:
class number: 0, number elements: 145386
class number: 1, number elements: 88205
class number: 2, number elements: 1766
class number: 3, number elements: 25382
total number elements: 260739

makeMirrors: True
makeRotations: True

              precision    recall  f1-score   support

           0       0.90      0.92      0.91     26224
           1       0.92      0.83      0.88     22755
           2       0.68      0.86      0.76      2665
           3       0.69      0.94      0.79      2318

    accuracy                           0.88     53962
   macro avg       0.80      0.89      0.83     53962
weighted avg       0.89      0.88      0.88     53962

confusion matrix not normalized:
[[24238  1336   121   529]
 [ 2451 18911   973   420]
 [  220   101  2294    50]
 [   20   110     7  2181]]
confusion matrix normalized according to the true classes:
[[0.92426785 0.0509457  0.00461409 0.02017236]
 [0.10771259 0.83107009 0.04275983 0.01845748]
 [0.08255159 0.03789869 0.86078799 0.01876173]
 [0.00862813 0.0474547  0.00301984 0.94089733]]
confusion matrix normalized according to the predicted classes:
[[9.00070556e-01 6.53045263e-02 3.56406480e-02 1.66352201e-01]
 [9.10171191e-02 9.24381660e-01 2.86597938e-01 1.32075472e-01]
 [8.16963125e-03 4.93694398e-03 6.75699558e-01 1.57232704e-02]
 [7.42693750e-04 5.37686968e-03 2.06185567e-03 6.85849057e-01]]
confusion matrix normalized according to the whole population:
[[4.49167933e-01 2.47581632e-02 2.24231867e-03 9.80319484e-03]
 [4.54208517e-02 3.50450317e-01 1.80312071e-02 7.78325488e-03]
 [4.07694303e-03 1.87168748e-03 4.25113969e-02 9.26577962e-04]
 [3.70631185e-04 2.03847152e-03 1.29720915e-04 4.04173307e-02]]


idModel: 3
seed: 1609720621
overlayPath: /home/lmathy/breast_cancer_analysis/overlay
dataCubePath: /home/lmathy/breast_cancer_analysis/br20832_cores
kFoldIndicesPath: /home/lmathy/breast_cancer_analysis/matlab/histology/kFoldInd3.mat
colours: 
[[103 193  66]
 [255   0   0]
 [165  55 156]
 [243 143  53]
 [194 243 174]
 [ 69 120 236]]
peakWaveQualityTest: 1655
troughWaveQualityTest: 1760
minimumQualityTest: 0.1
maximumQualityTest: 2
makeQualityTestTrainingSet: True
makeQualityTestTestSet: True
noiseReductionFirst: True
methodNoiseReduction: None
numberPrincipalComponents: 35
inverseTransform: True

additionalParametersNoiseReduction:

pcaClass informations: None

intervalsToSelect: 
None
normalise: False
methodSavitzkyGolayFilter: savitzky_golay_filter
smoothingPoints: 13
orderPolynomialFit: 4

additionalParametersSavitzkyGolayFilter:
deriv: 2
mode: constant
cval: 0.0

dictionaryClassesMapping: 
{(0, 1): 0, (2, 3): 1, (4,): 2, (5,): 3}
methodClassesEqualization: anticipated_random_under_sampler

additionalParametersClassesEqualization:
random_state: RandomState(MT19937)

methodFeatureSelection: None

waveNumbers:
[ 912  916  920  924  928  932  936  940  944  948  952  956  960  964
  968  972  976  980  984  988  992  996 1000 1004 1008 1012 1016 1020
 1024 1028 1032 1036 1040 1044 1048 1052 1056 1060 1064 1068 1072 1076
 1080 1084 1088 1092 1096 1100 1104 1108 1112 1116 1120 1124 1128 1132
 1136 1140 1144 1148 1152 1156 1160 1164 1168 1172 1176 1180 1184 1188
 1192 1196 1200 1204 1208 1212 1216 1220 1224 1228 1232 1236 1240 1244
 1248 1252 1256 1260 1264 1268 1272 1276 1280 1284 1288 1292 1296 1300
 1304 1308 1312 1316 1320 1324 1328 1332 1336 1340 1344 1348 1352 1356
 1360 1364 1368 1372 1376 1380 1384 1388 1392 1396 1400 1404 1408 1412
 1416 1420 1424 1428 1432 1436 1440 1444 1448 1452 1456 1460 1464 1468
 1472 1476 1480 1484 1488 1492 1496 1500 1504 1508 1512 1516 1520 1524
 1528 1532 1536 1540 1544 1548 1552 1556 1560 1564 1568 1572 1576 1580
 1584 1588 1592 1596 1600 1604 1608 1612 1616 1620 1624 1628 1632 1636
 1640 1644 1648 1652 1656 1660 1664 1668 1672 1676 1680 1684 1688 1692
 1696 1700 1704 1708 1712 1716 1720 1724 1728 1732 1736 1740 1744 1748
 1752 1756 1760 1764 1768 1772 1776 1780 1784 1788 1792 1796 1800]

model: <class 'sklearn.ensemble._forest.RandomForestClassifier'>

learning model informations:
bootstrap: True
ccp_alpha: 0.0
class_weight: None
criterion: gini
max_depth: None
max_features: sqrt
max_leaf_nodes: None
max_samples: None
min_impurity_decrease: 0.0
min_impurity_split: None
min_samples_leaf: 10
min_samples_split: 2
min_weight_fraction_leaf: 0.0
n_estimators: 4
n_jobs: -1
oob_score: False
random_state: RandomState(MT19937)
verbose: 0
warm_start: False

widthSubwindow: 1
heightSubwindow: 1
methodSubwindow: None

class distribution after potential subwindows creations:
class number: 0, number elements: 145386
class number: 1, number elements: 88205
class number: 2, number elements: 1766
class number: 3, number elements: 25382
total number elements: 260739

makeMirrors: True
makeRotations: True

              precision    recall  f1-score   support

           0       0.91      0.94      0.93     26224
           1       0.93      0.85      0.89     22755
           2       0.75      0.96      0.84      2665
           3       0.79      0.90      0.84      2318

    accuracy                           0.90     53962
   macro avg       0.84      0.91      0.87     53962
weighted avg       0.91      0.90      0.90     53962

confusion matrix not normalized:
[[24683  1246   178   117]
 [ 2269 19434   638   414]
 [   74     6  2551    34]
 [   19   172    49  2078]]
confusion matrix normalized according to the true classes:
[[0.94123703 0.04751373 0.00678768 0.00446156]
 [0.09971435 0.85405405 0.02803779 0.0181938 ]
 [0.02776735 0.00225141 0.95722326 0.01275797]
 [0.00819672 0.0742019  0.02113891 0.89646247]]
confusion matrix normalized according to the predicted classes:
[[9.12664078e-01 5.97372711e-02 5.21077283e-02 4.42678774e-02]
 [8.38972084e-02 9.31728833e-01 1.86768150e-01 1.56640182e-01]
 [2.73618044e-03 2.87659411e-04 7.46779859e-01 1.28641695e-02]
 [7.02532816e-04 8.24623646e-03 1.43442623e-02 7.86227771e-01]]
confusion matrix normalized according to the whole population:
[[4.57414477e-01 2.30903228e-02 3.29861755e-03 2.16819243e-03]
 [4.20481079e-02 3.60142322e-01 1.18231348e-02 7.67206553e-03]
 [1.37133538e-03 1.11189355e-04 4.72740076e-02 6.30073014e-04]
 [3.52099626e-04 3.18742819e-03 9.08046403e-04 3.85085801e-02]]


idModel: 4
seed: 1609720621
overlayPath: /home/lmathy/breast_cancer_analysis/overlay
dataCubePath: /home/lmathy/breast_cancer_analysis/br20832_cores
kFoldIndicesPath: /home/lmathy/breast_cancer_analysis/matlab/histology/kFoldInd3.mat
colours: 
[[103 193  66]
 [255   0   0]
 [165  55 156]
 [243 143  53]
 [194 243 174]
 [ 69 120 236]]
peakWaveQualityTest: 1655
troughWaveQualityTest: 1760
minimumQualityTest: 0.1
maximumQualityTest: 2
makeQualityTestTrainingSet: True
makeQualityTestTestSet: True
noiseReductionFirst: True
methodNoiseReduction: None
numberPrincipalComponents: 35
inverseTransform: True

additionalParametersNoiseReduction:

pcaClass informations: None

intervalsToSelect: 
None
normalise: False
methodSavitzkyGolayFilter: savitzky_golay_filter
smoothingPoints: 13
orderPolynomialFit: 4

additionalParametersSavitzkyGolayFilter:
deriv: 2
mode: constant
cval: 0.0

dictionaryClassesMapping: 
{(0, 1): 0, (2, 3): 1, (4,): 2, (5,): 3}
methodClassesEqualization: anticipated_random_under_sampler

additionalParametersClassesEqualization:
random_state: RandomState(MT19937)

methodFeatureSelection: None

waveNumbers:
[ 912  916  920  924  928  932  936  940  944  948  952  956  960  964
  968  972  976  980  984  988  992  996 1000 1004 1008 1012 1016 1020
 1024 1028 1032 1036 1040 1044 1048 1052 1056 1060 1064 1068 1072 1076
 1080 1084 1088 1092 1096 1100 1104 1108 1112 1116 1120 1124 1128 1132
 1136 1140 1144 1148 1152 1156 1160 1164 1168 1172 1176 1180 1184 1188
 1192 1196 1200 1204 1208 1212 1216 1220 1224 1228 1232 1236 1240 1244
 1248 1252 1256 1260 1264 1268 1272 1276 1280 1284 1288 1292 1296 1300
 1304 1308 1312 1316 1320 1324 1328 1332 1336 1340 1344 1348 1352 1356
 1360 1364 1368 1372 1376 1380 1384 1388 1392 1396 1400 1404 1408 1412
 1416 1420 1424 1428 1432 1436 1440 1444 1448 1452 1456 1460 1464 1468
 1472 1476 1480 1484 1488 1492 1496 1500 1504 1508 1512 1516 1520 1524
 1528 1532 1536 1540 1544 1548 1552 1556 1560 1564 1568 1572 1576 1580
 1584 1588 1592 1596 1600 1604 1608 1612 1616 1620 1624 1628 1632 1636
 1640 1644 1648 1652 1656 1660 1664 1668 1672 1676 1680 1684 1688 1692
 1696 1700 1704 1708 1712 1716 1720 1724 1728 1732 1736 1740 1744 1748
 1752 1756 1760 1764 1768 1772 1776 1780 1784 1788 1792 1796 1800]

model: <class 'sklearn.ensemble._forest.RandomForestClassifier'>

learning model informations:
bootstrap: True
ccp_alpha: 0.0
class_weight: None
criterion: gini
max_depth: None
max_features: sqrt
max_leaf_nodes: None
max_samples: None
min_impurity_decrease: 0.0
min_impurity_split: None
min_samples_leaf: 10
min_samples_split: 2
min_weight_fraction_leaf: 0.0
n_estimators: 5
n_jobs: -1
oob_score: False
random_state: RandomState(MT19937)
verbose: 0
warm_start: False

widthSubwindow: 1
heightSubwindow: 1
methodSubwindow: None

class distribution after potential subwindows creations:
class number: 0, number elements: 145386
class number: 1, number elements: 88205
class number: 2, number elements: 1766
class number: 3, number elements: 25382
total number elements: 260739

makeMirrors: True
makeRotations: True

              precision    recall  f1-score   support

           0       0.91      0.89      0.90     26224
           1       0.93      0.86      0.89     22755
           2       0.55      0.91      0.69      2665
           3       0.79      0.94      0.86      2318

    accuracy                           0.88     53962
   macro avg       0.79      0.90      0.83     53962
weighted avg       0.89      0.88      0.88     53962

confusion matrix not normalized:
[[23242  1428  1215   339]
 [ 2202 19582   771   200]
 [  206     0  2434    25]
 [   21   127     0  2170]]
confusion matrix normalized according to the true classes:
[[0.88628737 0.05445394 0.0463316  0.01292709]
 [0.09676994 0.86055812 0.03388266 0.00878928]
 [0.07729831 0.         0.91332083 0.00938086]
 [0.00905953 0.05478861 0.         0.93615186]]
confusion matrix normalized according to the predicted classes:
[[9.05379611e-01 6.75592563e-02 2.74886878e-01 1.23994148e-01]
 [8.57777258e-02 9.26432322e-01 1.74434389e-01 7.31528895e-02]
 [8.02461922e-03 0.00000000e+00 5.50678733e-01 9.14411119e-03]
 [8.18043707e-04 6.00842125e-03 0.00000000e+00 7.93708851e-01]]
confusion matrix normalized according to the whole population:
[[4.30710500e-01 2.64630666e-02 2.25158445e-02 6.28219858e-03]
 [4.08064935e-02 3.62884993e-01 1.42878322e-02 3.70631185e-03]
 [3.81750120e-03 0.00000000e+00 4.51058152e-02 4.63288981e-04]
 [3.89162744e-04 2.35350802e-03 0.00000000e+00 4.02134836e-02]]


idModel: 5
seed: 1609720621
overlayPath: /home/lmathy/breast_cancer_analysis/overlay
dataCubePath: /home/lmathy/breast_cancer_analysis/br20832_cores
kFoldIndicesPath: /home/lmathy/breast_cancer_analysis/matlab/histology/kFoldInd3.mat
colours: 
[[103 193  66]
 [255   0   0]
 [165  55 156]
 [243 143  53]
 [194 243 174]
 [ 69 120 236]]
peakWaveQualityTest: 1655
troughWaveQualityTest: 1760
minimumQualityTest: 0.1
maximumQualityTest: 2
makeQualityTestTrainingSet: True
makeQualityTestTestSet: True
noiseReductionFirst: True
methodNoiseReduction: None
numberPrincipalComponents: 35
inverseTransform: True

additionalParametersNoiseReduction:

pcaClass informations: None

intervalsToSelect: 
None
normalise: False
methodSavitzkyGolayFilter: savitzky_golay_filter
smoothingPoints: 13
orderPolynomialFit: 4

additionalParametersSavitzkyGolayFilter:
deriv: 2
mode: constant
cval: 0.0

dictionaryClassesMapping: 
{(0, 1): 0, (2, 3): 1, (4,): 2, (5,): 3}
methodClassesEqualization: anticipated_random_under_sampler

additionalParametersClassesEqualization:
random_state: RandomState(MT19937)

methodFeatureSelection: None

waveNumbers:
[ 912  916  920  924  928  932  936  940  944  948  952  956  960  964
  968  972  976  980  984  988  992  996 1000 1004 1008 1012 1016 1020
 1024 1028 1032 1036 1040 1044 1048 1052 1056 1060 1064 1068 1072 1076
 1080 1084 1088 1092 1096 1100 1104 1108 1112 1116 1120 1124 1128 1132
 1136 1140 1144 1148 1152 1156 1160 1164 1168 1172 1176 1180 1184 1188
 1192 1196 1200 1204 1208 1212 1216 1220 1224 1228 1232 1236 1240 1244
 1248 1252 1256 1260 1264 1268 1272 1276 1280 1284 1288 1292 1296 1300
 1304 1308 1312 1316 1320 1324 1328 1332 1336 1340 1344 1348 1352 1356
 1360 1364 1368 1372 1376 1380 1384 1388 1392 1396 1400 1404 1408 1412
 1416 1420 1424 1428 1432 1436 1440 1444 1448 1452 1456 1460 1464 1468
 1472 1476 1480 1484 1488 1492 1496 1500 1504 1508 1512 1516 1520 1524
 1528 1532 1536 1540 1544 1548 1552 1556 1560 1564 1568 1572 1576 1580
 1584 1588 1592 1596 1600 1604 1608 1612 1616 1620 1624 1628 1632 1636
 1640 1644 1648 1652 1656 1660 1664 1668 1672 1676 1680 1684 1688 1692
 1696 1700 1704 1708 1712 1716 1720 1724 1728 1732 1736 1740 1744 1748
 1752 1756 1760 1764 1768 1772 1776 1780 1784 1788 1792 1796 1800]

model: <class 'sklearn.ensemble._forest.RandomForestClassifier'>

learning model informations:
bootstrap: True
ccp_alpha: 0.0
class_weight: None
criterion: gini
max_depth: None
max_features: sqrt
max_leaf_nodes: None
max_samples: None
min_impurity_decrease: 0.0
min_impurity_split: None
min_samples_leaf: 10
min_samples_split: 2
min_weight_fraction_leaf: 0.0
n_estimators: 6
n_jobs: -1
oob_score: False
random_state: RandomState(MT19937)
verbose: 0
warm_start: False

widthSubwindow: 1
heightSubwindow: 1
methodSubwindow: None

class distribution after potential subwindows creations:
class number: 0, number elements: 145386
class number: 1, number elements: 88205
class number: 2, number elements: 1766
class number: 3, number elements: 25382
total number elements: 260739

makeMirrors: True
makeRotations: True

              precision    recall  f1-score   support

           0       0.92      0.93      0.93     26224
           1       0.93      0.86      0.89     22755
           2       0.72      0.96      0.82      2665
           3       0.82      0.95      0.88      2318

    accuracy                           0.90     53962
   macro avg       0.85      0.92      0.88     53962
weighted avg       0.91      0.90      0.91     53962

confusion matrix not normalized:
[[24482  1443   176   123]
 [ 1998 19591   827   339]
 [  109     3  2547     6]
 [    6   115     5  2192]]
confusion matrix normalized according to the true classes:
[[0.9335723  0.05502593 0.00671141 0.00469036]
 [0.08780488 0.86095364 0.03634366 0.01489782]
 [0.04090056 0.0011257  0.95572233 0.00225141]
 [0.00258844 0.04961173 0.00215703 0.9456428 ]]
confusion matrix normalized according to the predicted classes:
[[9.20548975e-01 6.82204992e-02 4.95077356e-02 4.62406015e-02]
 [7.51269036e-02 9.26200832e-01 2.32630098e-01 1.27443609e-01]
 [4.09851476e-03 1.41830560e-04 7.16455696e-01 2.25563910e-03]
 [2.25606317e-04 5.43683812e-03 1.40646976e-03 8.24060150e-01]]
confusion matrix normalized according to the whole population:
[[4.53689633e-01 2.67410400e-02 3.26155443e-03 2.27938179e-03]
 [3.70260554e-02 3.63051777e-01 1.53255995e-02 6.28219858e-03]
 [2.01993996e-03 5.55946777e-05 4.71998814e-02 1.11189355e-04]
 [1.11189355e-04 2.13112931e-03 9.26577962e-05 4.06211779e-02]]


idModel: 6
seed: 1609720621
overlayPath: /home/lmathy/breast_cancer_analysis/overlay
dataCubePath: /home/lmathy/breast_cancer_analysis/br20832_cores
kFoldIndicesPath: /home/lmathy/breast_cancer_analysis/matlab/histology/kFoldInd3.mat
colours: 
[[103 193  66]
 [255   0   0]
 [165  55 156]
 [243 143  53]
 [194 243 174]
 [ 69 120 236]]
peakWaveQualityTest: 1655
troughWaveQualityTest: 1760
minimumQualityTest: 0.1
maximumQualityTest: 2
makeQualityTestTrainingSet: True
makeQualityTestTestSet: True
noiseReductionFirst: True
methodNoiseReduction: None
numberPrincipalComponents: 35
inverseTransform: True

additionalParametersNoiseReduction:

pcaClass informations: None

intervalsToSelect: 
None
normalise: False
methodSavitzkyGolayFilter: savitzky_golay_filter
smoothingPoints: 13
orderPolynomialFit: 4

additionalParametersSavitzkyGolayFilter:
deriv: 2
mode: constant
cval: 0.0

dictionaryClassesMapping: 
{(0, 1): 0, (2, 3): 1, (4,): 2, (5,): 3}
methodClassesEqualization: anticipated_random_under_sampler

additionalParametersClassesEqualization:
random_state: RandomState(MT19937)

methodFeatureSelection: None

waveNumbers:
[ 912  916  920  924  928  932  936  940  944  948  952  956  960  964
  968  972  976  980  984  988  992  996 1000 1004 1008 1012 1016 1020
 1024 1028 1032 1036 1040 1044 1048 1052 1056 1060 1064 1068 1072 1076
 1080 1084 1088 1092 1096 1100 1104 1108 1112 1116 1120 1124 1128 1132
 1136 1140 1144 1148 1152 1156 1160 1164 1168 1172 1176 1180 1184 1188
 1192 1196 1200 1204 1208 1212 1216 1220 1224 1228 1232 1236 1240 1244
 1248 1252 1256 1260 1264 1268 1272 1276 1280 1284 1288 1292 1296 1300
 1304 1308 1312 1316 1320 1324 1328 1332 1336 1340 1344 1348 1352 1356
 1360 1364 1368 1372 1376 1380 1384 1388 1392 1396 1400 1404 1408 1412
 1416 1420 1424 1428 1432 1436 1440 1444 1448 1452 1456 1460 1464 1468
 1472 1476 1480 1484 1488 1492 1496 1500 1504 1508 1512 1516 1520 1524
 1528 1532 1536 1540 1544 1548 1552 1556 1560 1564 1568 1572 1576 1580
 1584 1588 1592 1596 1600 1604 1608 1612 1616 1620 1624 1628 1632 1636
 1640 1644 1648 1652 1656 1660 1664 1668 1672 1676 1680 1684 1688 1692
 1696 1700 1704 1708 1712 1716 1720 1724 1728 1732 1736 1740 1744 1748
 1752 1756 1760 1764 1768 1772 1776 1780 1784 1788 1792 1796 1800]

model: <class 'sklearn.ensemble._forest.RandomForestClassifier'>

learning model informations:
bootstrap: True
ccp_alpha: 0.0
class_weight: None
criterion: gini
max_depth: None
max_features: sqrt
max_leaf_nodes: None
max_samples: None
min_impurity_decrease: 0.0
min_impurity_split: None
min_samples_leaf: 10
min_samples_split: 2
min_weight_fraction_leaf: 0.0
n_estimators: 7
n_jobs: -1
oob_score: False
random_state: RandomState(MT19937)
verbose: 0
warm_start: False

widthSubwindow: 1
heightSubwindow: 1
methodSubwindow: None

class distribution after potential subwindows creations:
class number: 0, number elements: 145386
class number: 1, number elements: 88205
class number: 2, number elements: 1766
class number: 3, number elements: 25382
total number elements: 260739

makeMirrors: True
makeRotations: True

              precision    recall  f1-score   support

           0       0.92      0.94      0.93     26224
           1       0.94      0.84      0.89     22755
           2       0.68      0.96      0.79      2665
           3       0.77      0.96      0.85      2318

    accuracy                           0.90     53962
   macro avg       0.83      0.93      0.87     53962
weighted avg       0.91      0.90      0.90     53962

confusion matrix not normalized:
[[24747  1096   127   254]
 [ 2017 19226  1096   416]
 [   96     6  2557     6]
 [   13    78     0  2227]]
confusion matrix normalized according to the true classes:
[[0.94367755 0.04179378 0.00484289 0.00968578]
 [0.08863986 0.84491321 0.04816524 0.0182817 ]
 [0.03602251 0.00225141 0.95947467 0.00225141]
 [0.00560828 0.0336497  0.         0.96074202]]
confusion matrix normalized according to the predicted classes:
[[9.20887136e-01 5.37096932e-02 3.35978836e-02 8.74956941e-02]
 [7.50567484e-02 9.42173870e-01 2.89947090e-01 1.43300034e-01]
 [3.57235887e-03 2.94031167e-04 6.76455026e-01 2.06682742e-03]
 [4.83756931e-04 3.82240517e-03 0.00000000e+00 7.67137444e-01]]
confusion matrix normalized according to the whole population:
[[4.58600497e-01 2.03105889e-02 2.35350802e-03 4.70701605e-03]
 [3.73781550e-02 3.56287758e-01 2.03105889e-02 7.70912865e-03]
 [1.77902969e-03 1.11189355e-04 4.73851970e-02 1.11189355e-04]
 [2.40910270e-04 1.44546162e-03 0.00000000e+00 4.12697824e-02]]


idModel: 7
seed: 1609720621
overlayPath: /home/lmathy/breast_cancer_analysis/overlay
dataCubePath: /home/lmathy/breast_cancer_analysis/br20832_cores
kFoldIndicesPath: /home/lmathy/breast_cancer_analysis/matlab/histology/kFoldInd3.mat
colours: 
[[103 193  66]
 [255   0   0]
 [165  55 156]
 [243 143  53]
 [194 243 174]
 [ 69 120 236]]
peakWaveQualityTest: 1655
troughWaveQualityTest: 1760
minimumQualityTest: 0.1
maximumQualityTest: 2
makeQualityTestTrainingSet: True
makeQualityTestTestSet: True
noiseReductionFirst: True
methodNoiseReduction: None
numberPrincipalComponents: 35
inverseTransform: True

additionalParametersNoiseReduction:

pcaClass informations: None

intervalsToSelect: 
None
normalise: False
methodSavitzkyGolayFilter: savitzky_golay_filter
smoothingPoints: 13
orderPolynomialFit: 4

additionalParametersSavitzkyGolayFilter:
deriv: 2
mode: constant
cval: 0.0

dictionaryClassesMapping: 
{(0, 1): 0, (2, 3): 1, (4,): 2, (5,): 3}
methodClassesEqualization: anticipated_random_under_sampler

additionalParametersClassesEqualization:
random_state: RandomState(MT19937)

methodFeatureSelection: None

waveNumbers:
[ 912  916  920  924  928  932  936  940  944  948  952  956  960  964
  968  972  976  980  984  988  992  996 1000 1004 1008 1012 1016 1020
 1024 1028 1032 1036 1040 1044 1048 1052 1056 1060 1064 1068 1072 1076
 1080 1084 1088 1092 1096 1100 1104 1108 1112 1116 1120 1124 1128 1132
 1136 1140 1144 1148 1152 1156 1160 1164 1168 1172 1176 1180 1184 1188
 1192 1196 1200 1204 1208 1212 1216 1220 1224 1228 1232 1236 1240 1244
 1248 1252 1256 1260 1264 1268 1272 1276 1280 1284 1288 1292 1296 1300
 1304 1308 1312 1316 1320 1324 1328 1332 1336 1340 1344 1348 1352 1356
 1360 1364 1368 1372 1376 1380 1384 1388 1392 1396 1400 1404 1408 1412
 1416 1420 1424 1428 1432 1436 1440 1444 1448 1452 1456 1460 1464 1468
 1472 1476 1480 1484 1488 1492 1496 1500 1504 1508 1512 1516 1520 1524
 1528 1532 1536 1540 1544 1548 1552 1556 1560 1564 1568 1572 1576 1580
 1584 1588 1592 1596 1600 1604 1608 1612 1616 1620 1624 1628 1632 1636
 1640 1644 1648 1652 1656 1660 1664 1668 1672 1676 1680 1684 1688 1692
 1696 1700 1704 1708 1712 1716 1720 1724 1728 1732 1736 1740 1744 1748
 1752 1756 1760 1764 1768 1772 1776 1780 1784 1788 1792 1796 1800]

model: <class 'sklearn.ensemble._forest.RandomForestClassifier'>

learning model informations:
bootstrap: True
ccp_alpha: 0.0
class_weight: None
criterion: gini
max_depth: None
max_features: sqrt
max_leaf_nodes: None
max_samples: None
min_impurity_decrease: 0.0
min_impurity_split: None
min_samples_leaf: 10
min_samples_split: 2
min_weight_fraction_leaf: 0.0
n_estimators: 8
n_jobs: -1
oob_score: False
random_state: RandomState(MT19937)
verbose: 0
warm_start: False

widthSubwindow: 1
heightSubwindow: 1
methodSubwindow: None

class distribution after potential subwindows creations:
class number: 0, number elements: 145386
class number: 1, number elements: 88205
class number: 2, number elements: 1766
class number: 3, number elements: 25382
total number elements: 260739

makeMirrors: True
makeRotations: True

              precision    recall  f1-score   support

           0       0.92      0.95      0.93     26224
           1       0.94      0.86      0.90     22755
           2       0.72      0.95      0.82      2665
           3       0.84      0.94      0.89      2318

    accuracy                           0.91     53962
   macro avg       0.85      0.92      0.88     53962
weighted avg       0.91      0.91      0.91     53962

confusion matrix not normalized:
[[24851  1158    93   122]
 [ 2031 19550   872   302]
 [  136     1  2526     2]
 [   17   111     7  2183]]
confusion matrix normalized according to the true classes:
[[9.47643380e-01 4.41580232e-02 3.54636974e-03 4.65222697e-03]
 [8.92551088e-02 8.59151835e-01 3.83212481e-02 1.32718084e-02]
 [5.10318949e-02 3.75234522e-04 9.47842402e-01 7.50469043e-04]
 [7.33390854e-03 4.78861087e-02 3.01984469e-03 9.41760138e-01]]
confusion matrix normalized according to the predicted classes:
[[9.19215831e-01 5.56195965e-02 2.65866209e-02 4.67612112e-02]
 [7.51248382e-02 9.39000961e-01 2.49285306e-01 1.15753162e-01]
 [5.03051600e-03 4.80307397e-05 7.22126930e-01 7.66577233e-04]
 [6.28814500e-04 5.33141210e-03 2.00114351e-03 8.36719049e-01]]
confusion matrix normalized according to the whole population:
[[4.60527779e-01 2.14595456e-02 1.72343501e-03 2.26085023e-03]
 [3.76375968e-02 3.62291983e-01 1.61595197e-02 5.59653089e-03]
 [2.52029206e-03 1.85315592e-05 4.68107187e-02 3.70631185e-05]
 [3.15036507e-04 2.05700308e-03 1.29720915e-04 4.04543938e-02]]


idModel: 8
seed: 1609720621
overlayPath: /home/lmathy/breast_cancer_analysis/overlay
dataCubePath: /home/lmathy/breast_cancer_analysis/br20832_cores
kFoldIndicesPath: /home/lmathy/breast_cancer_analysis/matlab/histology/kFoldInd3.mat
colours: 
[[103 193  66]
 [255   0   0]
 [165  55 156]
 [243 143  53]
 [194 243 174]
 [ 69 120 236]]
peakWaveQualityTest: 1655
troughWaveQualityTest: 1760
minimumQualityTest: 0.1
maximumQualityTest: 2
makeQualityTestTrainingSet: True
makeQualityTestTestSet: True
noiseReductionFirst: True
methodNoiseReduction: None
numberPrincipalComponents: 35
inverseTransform: True

additionalParametersNoiseReduction:

pcaClass informations: None

intervalsToSelect: 
None
normalise: False
methodSavitzkyGolayFilter: savitzky_golay_filter
smoothingPoints: 13
orderPolynomialFit: 4

additionalParametersSavitzkyGolayFilter:
deriv: 2
mode: constant
cval: 0.0

dictionaryClassesMapping: 
{(0, 1): 0, (2, 3): 1, (4,): 2, (5,): 3}
methodClassesEqualization: anticipated_random_under_sampler

additionalParametersClassesEqualization:
random_state: RandomState(MT19937)

methodFeatureSelection: None

waveNumbers:
[ 912  916  920  924  928  932  936  940  944  948  952  956  960  964
  968  972  976  980  984  988  992  996 1000 1004 1008 1012 1016 1020
 1024 1028 1032 1036 1040 1044 1048 1052 1056 1060 1064 1068 1072 1076
 1080 1084 1088 1092 1096 1100 1104 1108 1112 1116 1120 1124 1128 1132
 1136 1140 1144 1148 1152 1156 1160 1164 1168 1172 1176 1180 1184 1188
 1192 1196 1200 1204 1208 1212 1216 1220 1224 1228 1232 1236 1240 1244
 1248 1252 1256 1260 1264 1268 1272 1276 1280 1284 1288 1292 1296 1300
 1304 1308 1312 1316 1320 1324 1328 1332 1336 1340 1344 1348 1352 1356
 1360 1364 1368 1372 1376 1380 1384 1388 1392 1396 1400 1404 1408 1412
 1416 1420 1424 1428 1432 1436 1440 1444 1448 1452 1456 1460 1464 1468
 1472 1476 1480 1484 1488 1492 1496 1500 1504 1508 1512 1516 1520 1524
 1528 1532 1536 1540 1544 1548 1552 1556 1560 1564 1568 1572 1576 1580
 1584 1588 1592 1596 1600 1604 1608 1612 1616 1620 1624 1628 1632 1636
 1640 1644 1648 1652 1656 1660 1664 1668 1672 1676 1680 1684 1688 1692
 1696 1700 1704 1708 1712 1716 1720 1724 1728 1732 1736 1740 1744 1748
 1752 1756 1760 1764 1768 1772 1776 1780 1784 1788 1792 1796 1800]

model: <class 'sklearn.ensemble._forest.RandomForestClassifier'>

learning model informations:
bootstrap: True
ccp_alpha: 0.0
class_weight: None
criterion: gini
max_depth: None
max_features: sqrt
max_leaf_nodes: None
max_samples: None
min_impurity_decrease: 0.0
min_impurity_split: None
min_samples_leaf: 10
min_samples_split: 2
min_weight_fraction_leaf: 0.0
n_estimators: 9
n_jobs: -1
oob_score: False
random_state: RandomState(MT19937)
verbose: 0
warm_start: False

widthSubwindow: 1
heightSubwindow: 1
methodSubwindow: None

class distribution after potential subwindows creations:
class number: 0, number elements: 145386
class number: 1, number elements: 88205
class number: 2, number elements: 1766
class number: 3, number elements: 25382
total number elements: 260739

makeMirrors: True
makeRotations: True

              precision    recall  f1-score   support

           0       0.92      0.94      0.93     26224
           1       0.94      0.85      0.89     22755
           2       0.62      0.93      0.75      2665
           3       0.87      0.94      0.91      2318

    accuracy                           0.90     53962
   macro avg       0.84      0.92      0.87     53962
weighted avg       0.91      0.90      0.90     53962

confusion matrix not normalized:
[[24563  1141   440    80]
 [ 2037 19402  1071   245]
 [  178     0  2487     0]
 [   23   106     0  2189]]
confusion matrix normalized according to the true classes:
[[0.93666107 0.04350976 0.01677852 0.00305064]
